Data points (3D) extracted from 2D echocardiogram data

View AP2CH of endocard
[-0.026789169898326304, -3.2807271167799933e-18, -0.00074341338863948]
[-0.028082641044991224, -3.4391316467352586e-18, -0.006065268220086739]
[-0.028190729666915104, -3.4523686852215914e-18, -0.011899436155922122]
[-0.026484687358900708, -3.243438760049612e-18, -0.020887565438448635]
[-0.024618473889323866, -3.0148935248453165e-18, -0.02748723700418608]
[-0.023344951682117532, -2.8589320353754855e-18, -0.03383075201772946]
[-0.022660114388078773, -2.7750636553673552e-18, -0.04018316511131313]
[-0.021755010694432975, -2.664220421235378e-18, -0.048122939971622716]
[-0.021438591913954752, -2.6254702965651017e-18, -0.056071612911972546]
[-0.019964835053156257, -2.4449871343352686e-18, -0.0626772165310702]
[-0.017465866829179194, -2.138951790668823e-18, -0.072183590971345]
[-0.013056698100948949, -1.5989843536760455e-18, -0.07821459492577254]
[-0.007706451342802456, -9.43768096974785e-19, -0.08158022242445634]
[-0.002196033423093491, -2.689365302412049e-19, -0.08255739220635103]
[0.005432832352866818, 6.6533007512425315e-19, -0.08085138937242137]
[0.012204670625616948, 1.494641081630952e-18, -0.07438626726499414]
[0.01603308433252934, 1.9634865408291637e-18, -0.06796563555776834]
[0.01924076233265043, 2.356313800383531e-18, -0.05943346487270815]
[0.021831710975183216, 2.6736134965668266e-18, -0.04905480984204791]
[0.02541982653647376, 3.1130309202773543e-18, -0.03972154320692453]
[0.027265925453479528, 3.339112833239405e-18, -0.032005298605327984]
[0.02832711115292849, 3.469070600252517e-18, -0.02430091811045182]
[0.029368265106362673, 3.596575185901795e-18, -0.015271264454403993]
[0.029456321982271744, 3.607359043024291e-18, -0.008111823357396963]
[0.026789169898326304, 3.2807271167799933e-18, -0.00046379736944257566]

View AP2CH of epicard
[-0.03366069491383146, -4.122246228329929e-18, 0.00074341338863948]
[-0.035122819532742475, -4.301304851780321e-18, -0.007762372938076911]
[-0.03470552363079535, -4.2502008427186355e-18, -0.01783044261377853]
[-0.0340191667474109, -4.166146366687683e-18, -0.028159560572511524]
[-0.031774532864244226, -3.8912579966599074e-18, -0.03634420337815204]
[-0.03088321658667001, -3.782103234023987e-18, -0.042693495504167095]
[-0.03074299436456611, -3.7649309644771006e-18, -0.051970407632368695]
[-0.029008437999853268, -3.5525090744784754e-18, -0.06148833629758681]
[-0.026233694852217923, -3.2127010430577078e-18, -0.06966496640482142]
[-0.02237469508042747, -2.7401098712143533e-18, -0.07941589890865008]
[-0.016447340790400944, -2.0142183253450214e-18, -0.08568907039980875]
[-0.010556043643201146, -1.2927425059306048e-18, -0.0895767502008584]
[-0.0031184885438279852, -3.8190470133766325e-19, -0.09052479095211265]
[0.005339221592452814, 6.538660633135773e-19, -0.08880625998421166]
[0.013764880935109886, 1.6857117377826747e-18, -0.084967291958436]
[0.017929634416002815, 2.1957469397440072e-18, -0.07986715235873623]
[0.022038299008054152, 2.6989132338865808e-18, -0.07105624790775583]
[0.024857747581760542, 3.0441961010015907e-18, -0.06465086689289921]
[0.02974154432450002, 3.6422887058698074e-18, -0.054502670233138206]
[0.033039019623036514, 4.046112962831826e-18, -0.04464356630082936]
[0.03579837295869839, 4.3840362858553155e-18, -0.034262365802457784]
[0.036999449294578046, 4.53112571488198e-18, -0.026025640457178686]
[0.03689127786609789, 4.5178785355172375e-18, -0.018869165386851725]
[0.03732122840049232, 4.570532290091021e-18, -0.012234786882587514]
[0.03721305697201219, 4.557285110726282e-18, -0.005078311812260539]
[0.035538595845343884, 4.352222764819181e-18, 0.00046379736944257566]

View AP4CH of endocard
[0.010982056536629117, 0.01912186686721281, 0.0011975803218940314]
[0.012691427669275024, 0.021716339145165055, -0.003171594613629798]
[0.013532711343951877, 0.022443156172010852, -0.011884156133726327]
[0.01344960869350617, 0.02150464008407941, -0.021363185407849313]
[0.013177506604130773, 0.020317461736940084, -0.02990341926883526]
[0.013349753678502826, 0.019853100105985042, -0.03900218224739058]
[0.014160375064919274, 0.020574124617470994, -0.04715027948702671]
[0.014674933019523002, 0.02038738782252299, -0.06001015928102104]
[0.014079455682985994, 0.018429260431622428, -0.07106571790282118]
[0.012632643253037581, 0.015316501679778362, -0.07830469554377574]
[0.009699471890544858, 0.01000633020258233, -0.08104576442972025]
[0.005528590374502552, 0.002687690900945588, -0.08217264529125434]
[0.0010800730276608887, -0.004754383427945953, -0.07903534438518658]
[-0.0026653949577040543, -0.010856881805644246, -0.07444431278803679]
[-0.005581813955639149, -0.015454029392677367, -0.06902541410856299]
[-0.007413834241326633, -0.018071671732068913, -0.06239838205119752]
[-0.008799830126810935, -0.019895194966259935, -0.05551388235485957]
[-0.009993476100454021, -0.021327451163210488, -0.04793618455857495]
[-0.011442471798914876, -0.02323386181713745, -0.04073875305785797]
[-0.012188418135899022, -0.023800696519871187, -0.032087590866058995]
[-0.012776027322213872, -0.02412466147875687, -0.023810759806936612]
[-0.012628249622335826, -0.02303195558207315, -0.01382866558065084]
[-0.012264160668179244, -0.021827399688854342, -0.006981824561046109]
[-0.011009698150072028, -0.01910590797425071, -0.0004360450200382125]

View AP4CH of epicard
[0.017238539844048068, 0.029757639884014423, -0.0011975803218940314]
[0.01803722753844719, 0.03011618271505823, -0.013423370230247153]
[0.01809731415328896, 0.029532099686935508, -0.021632823777090717]
[0.018414380302888573, 0.02928792357999367, -0.031097211952410345]
[0.01834454326454189, 0.028303176829757096, -0.04140186021595538]
[0.01798366850374974, 0.026624575940135387, -0.05397030076423313]
[0.018395453010202584, 0.026242548127884475, -0.06703635076081171]
[0.017295403615529278, 0.023529037274486887, -0.07667751975995563]
[0.015230390468285537, 0.019333236231289987, -0.08406307973015983]
[0.012780194796066967, 0.01467371685862647, -0.08902170535146207]
[0.006242060777581955, 0.0032685200823045065, -0.0899858166267028]
[0.0006070832338541999, -0.006347155789923442, -0.08826327782116704]
[-0.0038019361422785792, -0.013494645818905644, -0.08242782898641647]
[-0.007823478776141223, -0.019809281099983696, -0.0746630552510647]
[-0.010556108855947967, -0.023778393042891765, -0.06554950097146268]
[-0.012901835747808451, -0.027006934342505156, -0.055595686603635286]
[-0.014153822342557637, -0.028537089939424037, -0.04798041617279772]
[-0.015854519403066328, -0.030500585465343028, -0.036263146720469416]
[-0.01617215910698977, -0.030348693463010574, -0.027887823357525574]
[-0.016393933345412347, -0.03015008495676848, -0.020936032191089114]
[-0.015874238732658502, -0.028547430068313027, -0.012555253324283257]
[-0.0157096833374586, -0.027700535023385556, -0.005852266881997179]
[-0.014901245219554578, -0.025773162413982476, 0.00043604502003821244]

View PSAX of endocard
[-0.006424566285333166, 0.02334440404100655, -0.031761560020463875]
[-0.01112396981433546, 0.0224495750099119, -0.03150088687770414]
[-0.018035494759378285, 0.016603042623620386, -0.03277936805181532]
[-0.020583430892901374, 0.008269990645245138, -0.03551677556867906]
[-0.019217808107935684, -0.0017687862237129304, -0.03937030457614067]
[-0.01574048643594702, -0.012024386343802282, -0.04356799824666888]
[-0.012237188902032934, -0.020170716229033474, -0.046995230881668903]
[-0.0070687414554426505, -0.02448452033079052, -0.04922529816540559]
[0.0003343223504294239, -0.025005905175597032, -0.0503442752589184]
[0.008618431917806278, -0.022661040992054654, -0.0505222727679184]
[0.019659893945245827, -0.015879573048144947, -0.04941838957552752]
[0.02422606827414269, -0.006394762261020154, -0.04651141537731745]
[0.02390591769073891, 0.004932383614771525, -0.04231630534752183]
[0.020615517402048634, 0.01245081961509928, -0.039146074365819454]
[0.012341850590724304, 0.019911618430870297, -0.03537250137029382]
[0.0038743005587332678, 0.02357247270019396, -0.03296851601029278]

View PSAX of epicard
[2.5768889791379264e-06, 0.035794666558143354, -0.028000017292039738]
[-0.00655431456675441, 0.03520294013014113, -0.027395387517318865]
[-0.013842314230999506, 0.030862318452601453, -0.028074296601572235]
[-0.020562587907981204, 0.024847313081985952, -0.02943854342795265]
[-0.027305965703172872, 0.01742416348530855, -0.03131642620904986]
[-0.031379055964628845, 0.009507008400099659, -0.03371014905613484]
[-0.03170747380090283, 0.0030941811546933966, -0.03602132717642117]
[-0.031007714982150734, -0.0041366012145026155, -0.03876139241335465]
[-0.028027153549017598, -0.012927115603150607, -0.04235941555952167]
[-0.02540142085792412, -0.020671140183626233, -0.045529102616859295]
[-0.02200827038722623, -0.026987783815291783, -0.04827137196506375]
[-0.014444653000898778, -0.03305588737696156, -0.051445099893064845]
[-0.007343139676111812, -0.03554668886809707, -0.053248703364629564]
[0.003821565244803869, -0.03525813802687498, -0.05454197704838396]
[0.01347288533094301, -0.03198247421739079, -0.05454987511377164]
[0.021422680849069557, -0.02811738996849947, -0.05412833503469442]
[0.03104924342322079, -0.021816139745256924, -0.05302329397288262]
[0.03725955140846411, -0.010606390116410814, -0.049689619517583175]
[0.036120792646381586, 0.001609838549381378, -0.04506579386949654]
[0.034214616104694624, 0.012398686266363474, -0.040869385930543074]
[0.027890419224839282, 0.021454671459160336, -0.03675497169057052]
[0.01914514162756487, 0.028055253954857865, -0.03323784018774891]
[0.009041616145212513, 0.03349469496875917, -0.029976424606650218]

