Ventricle multipatch geometry data

Control points
[0.024925335284357, 8.926741151109771e-05, 0.02793916926042667]
[0.03174470563263913, 7.945628589651812e-05, 0.021323869408644506]
[0.03752366952390871, 5.25759820096661e-05, 0.006467703824150126]
[0.03671801368980827, -1.4270032639234786e-05, -0.00875008123085871]
[0.03477650205516354, -5.297099423852975e-06, -0.022799158333381687]
[0.03278478421533145, 4.3096152955404976e-05, -0.028473609278541003]
[0.02464805476739328, 0.00427805477966964, 0.028095871042796042]
[0.03178627697835265, 0.0062048757107058435, 0.021089872615749027]
[0.03768121151754084, 0.007738204693350799, 0.005784565104123998]
[0.03594364684768686, 0.0063246896416628414, -0.011096372558497195]
[0.0334262382768339, 0.005922812171503065, -0.02672703844181105]
[0.030856057244153655, 0.005587284229158573, -0.03279018407946063]
[0.02078856375063229, 0.013471061272520376, 0.02830206428626685]
[0.027143067592007887, 0.017111529333865616, 0.021483324282377345]
[0.03205778635433686, 0.020229509253272264, 0.004678280060910708]
[0.030074249982028935, 0.019001932725704943, -0.013909449592701703]
[0.026619390227159853, 0.017404726528974186, -0.03087711869778828]
[0.02354381527674658, 0.015213324425641345, -0.03754745412495982]
[0.013470107148164663, 0.02129166454412265, 0.0283065404565828]
[0.01716277206041585, 0.02592707622575625, 0.021336035219517123]
[0.020751983754488723, 0.03050371234272021, 0.004207507528731743]
[0.019524194169409474, 0.029478946966997505, -0.014034903522448863]
[0.01644716749721168, 0.025781019107675086, -0.03030005954896866]
[0.014395542026223597, 0.023439938224241095, -0.03697859440655695]
[0.004307191914181569, 0.025179644080141766, 0.02807473596620386]
[0.005461423563146808, 0.029603041279496665, 0.02087534083261565]
[0.007067325716748674, 0.03462442113926505, 0.005273579986009366]
[0.00631746872832281, 0.034436073237747514, -0.011459413407532492]
[0.005328004641737162, 0.031208838089558173, -0.02589773720336607]
[0.0043557899272298715, 0.028830438700683473, -0.03190656280827519]
[-1.589182050635177e-05, 0.02536898839626393, 0.027899217565930782]
[2.4283964547583146e-05, 0.029283905094749985, 0.020577039695935273]
[-3.7065740688185805e-05, 0.03431287774088813, 0.0059561949133944345]
[8.773409323144001e-05, 0.034074543914463205, -0.008994999925371975]
[-0.00022408618879227876, 0.03205002216343369, -0.022115114359279823]
[-0.0004544074552790636, 0.03019262557009429, -0.027556400407962325]
[0.024051131527580167, 0.00010912822275631321, 0.027902935283915558]
[0.0305634249703697, 0.00012922449234263814, 0.021408188618228366]
[0.036166911211652567, 0.0001044210856697478, 0.006749406149764146]
[0.035748705602486934, -1.7981725367610804e-05, -0.00830003622720199]
[0.033916469234770395, -6.011439119627615e-05, -0.022229121289145625]
[0.0319758879820002, -2.722588150511492e-05, -0.027897759209633433]
[0.023747228624358768, 0.004130495596145407, 0.028051776674871062]
[0.030555993228689612, 0.005979139148150651, 0.021180200803323203]
[0.03641756944887438, 0.007451909363827647, 0.006041224783441525]
[0.03502872486380026, 0.0062094169503934425, -0.01059614209877619]
[0.032579805059113655, 0.005653529695062714, -0.02611467979890748]
[0.03009438370336184, 0.0053494594864053144, -0.03214460821548693]
[0.019964419161407506, 0.012892328290404723, 0.028243879054754166]
[0.026063143841892688, 0.016451486187345144, 0.021542705478433285]
[0.03101948035200823, 0.01958138801357483, 0.004979895583976717]
[0.029296735385869875, 0.018523800958056662, -0.013372440107477448]
[0.025918178412499042, 0.016828673091616127, -0.03010172204835641]
[0.02297997191379461, 0.014728871799624359, -0.036778169134826684]
[0.012882428363873691, 0.020340812127918842, 0.02824340788722778]
[0.01647564397581091, 0.024891251708505764, 0.021381895304394858]
[0.020063046372992166, 0.029450880794971768, 0.0045901943872041825]
[0.019000206871774082, 0.02868206492402083, -0.013455543324398656]
[0.016073395611003755, 0.02507236701279606, -0.02957786929889857]
[0.014056796136590208, 0.02272794221075585, -0.036243868874606684]
[0.0040949054976883595, 0.023997969393496254, 0.028018223330518132]
[0.005236843049349897, 0.02839863543469933, 0.020941632909363475]
[0.006838843710339921, 0.033387913826150535, 0.005602334769959028]
[0.006142331845002836, 0.03343634407066386, -0.01093617733659122]
[0.005159603677078191, 0.03037878766913865, -0.025286835200466]
[0.004225175050866871, 0.02801347637168712, -0.031223564330216023]
[-4.565968940318337e-05, 0.024197526165889303, 0.02785084738919584]
[6.082751866437003e-06, 0.028050317223920453, 0.020691414841514023]
[-2.280080516073157e-05, 0.03305436430162671, 0.006317440504056483]
[6.633858109128903e-05, 0.033070700424381656, -0.008511984662864772]
[-0.00024366251549690253, 0.03113668119094846, -0.021539007015743825]
[-0.00047277442241414085, 0.029296207896129117, -0.026956170046415127]
[0.0223027240140265, 0.00014884984524674418, 0.027830467330893335]
[0.02820086364583084, 0.00022876090523487818, 0.021576827037396083]
[0.03345339458714028, 0.00020811129298991117, 0.007312810800992186]
[0.03381008942784427, -2.540511082436284e-05, -0.007399946219888551]
[0.032196403593984096, -0.0001697489747411225, -0.0210890472006735]
[0.030358095515337684, -0.00016786995042615473, -0.026746059071818297]
[0.02194557633828975, 0.00383537722909694, 0.027963587939021105]
[0.028095425729363535, 0.005527666023040268, 0.021360857178471557]
[0.033890285311541445, 0.006879318704781344, 0.006554544142076579]
[0.03319888089602705, 0.005978871567854644, -0.00959568117933418]
[0.030886938623673168, 0.0051149647421820125, -0.024889962513100335]
[0.028571036621778213, 0.004873810000898798, -0.03085345648753954]
[0.018316129982957938, 0.011734862326173415, 0.028127508591728793]
[0.023903296341662293, 0.015131399894304197, 0.02166146787054516]
[0.028942868347350968, 0.01828514553417996, 0.005583126630108734]
[0.027741706193551752, 0.0175675374227601, -0.012298421137028939]
[0.024515754783177416, 0.01567656621690001, -0.028550928749492666]
[0.021852285187890678, 0.013759966547590386, -0.03523959915456041]
[0.011707070795291747, 0.018439107295511223, 0.028117142748517735]
[0.015101387806601026, 0.022819602674004798, 0.021473615474150328]
[0.018685171609999048, 0.027345217699474886, 0.005355568104149061]
[0.017952232276503294, 0.02708830083806748, -0.01229682292829824]
[0.015325851838587907, 0.023655062823038007, -0.028133488798758387]
[0.013379304357323426, 0.02130395018378536, -0.03477441781070614]
[0.0036703326647019394, 0.021634620020205234, 0.027905198059146673]
[0.004787682021756076, 0.02598982374510466, 0.021074217062859123]
[0.006381879697522417, 0.030914899199921506, 0.006259844337858351]
[0.0057920580783628875, 0.031436885736496556, -0.009889705194708677]
[0.004822801747760249, 0.028718686828299606, -0.02406503119466585]
[0.00396394529814087, 0.02637955171369442, -0.029857567374097692]
[-0.00010519542719684657, 0.02185460170514005, 0.02775410703572596]
[-3.0319673495855283e-05, 0.025583141482261394, 0.02092016513267153]
[5.729065894176894e-06, 0.030537337423103886, 0.007039931685380578]
[2.354755681098707e-05, 0.031063013444218558, -0.007545954137850364]
[-0.00028281516890615003, 0.029309999245978005, -0.020386792328671827]
[-0.0005095083566842954, 0.027503372548198773, -0.02575570932332073]
[0.020554316500472836, 0.00018857146773717517, 0.027757999377871108]
[0.025838302321291987, 0.00032829731812711825, 0.021745465456563803]
[0.03073987796262799, 0.0003118015003100745, 0.007876215452220225]
[0.0318714732532016, -3.2828496281114875e-05, -0.00649985621257511]
[0.030476337953197798, -0.00027938355828596885, -0.019948973112201375]
[0.028740303048675177, -0.0003085140193471945, -0.02559435893400316]
[0.02014392405222073, 0.0035402588620484727, 0.027875399203171145]
[0.025634858230037458, 0.005076192897929883, 0.021541513553619912]
[0.03136300117420851, 0.006306728045735041, 0.0070678635007116325]
[0.03136903692825385, 0.005748326185315845, -0.008595220259892171]
[0.029194072188232677, 0.004576399789301311, -0.023665245227293193]
[0.027047689540194583, 0.004398160515392281, -0.029562304759592144]
[0.01666784080450837, 0.01057739636194211, 0.028011138128703428]
[0.021743448841431895, 0.013811313601263253, 0.021780230262657036]
[0.0268662563426937, 0.016988903054785093, 0.006186357676240753]
[0.026186677001233633, 0.01661127388746354, -0.011224402166580431]
[0.023113331153855794, 0.014524459342183894, -0.02700013545062892]
[0.02072459846198674, 0.012791061295556416, -0.03370102917429413]
[0.010531713226709805, 0.016537402463103604, 0.027990877609807688]
[0.013727131637391143, 0.020747953639503824, 0.021565335643905795]
[0.01730729684700593, 0.025239554603978004, 0.006120941821093939]
[0.01690425768123251, 0.02549453675211413, -0.011138102532197823]
[0.014578308066172059, 0.022237758633279956, -0.02668910829861821]
[0.012701812578056648, 0.01987995815681487, -0.03330496674680561]
[0.0032457598317155198, 0.01927127064691421, 0.027792172787775217]
[0.0043385209941622545, 0.02358101205550999, 0.02120680121635477]
[0.005924915684704912, 0.028441884573692476, 0.006917353905757675]
[0.00544178431172294, 0.029437427402329255, -0.008843233052826131]
[0.004485999818442307, 0.02705858598746056, -0.022843227188865705]
[0.0037027155454148683, 0.024745627055701717, -0.02849157041797936]
[-0.00016473116499050977, 0.019511677244390797, 0.027657366682256077]
[-6.672209885814757e-05, 0.02311596574060233, 0.02114891542382903]
[3.425893694908536e-05, 0.02802031054458106, 0.007762422866704675]
[-1.9243467469314904e-05, 0.02905532646405546, -0.006579923612835956]
[-0.00032196782231539757, 0.02748331730100755, -0.01923457764159983]
[-0.0005462422909544498, 0.025710537200268425, -0.024555248600226336]
[0.01880590898691917, 0.00022829309022760617, 0.027685531424848885]
[0.023475740996753126, 0.0004278337310193583, 0.02191410387573152]
[0.028026361338115705, 0.0004154917076302379, 0.008439620103448266]
[0.02993285707855894, -4.0251881737866915e-05, -0.005599766205261671]
[0.0287562723124115, -0.0003890181418308152, -0.018808899023729248]
[0.027122510582012663, -0.0004491580882682343, -0.024442658796188024]
[0.018342271766151705, 0.003245140495000006, 0.02778721046732119]
[0.023174290730711377, 0.0046247197728195005, 0.021722169928768267]
[0.02883571703687558, 0.005734137386688738, 0.007581182859346686]
[0.029539192960480645, 0.005517780802777046, -0.007594759340450161]
[0.02750120575279219, 0.00403783483642061, -0.022440527941486047]
[0.025524342458610957, 0.003922511029885765, -0.02827115303164475]
[0.015019551626058801, 0.009419930397710802, 0.027894767665678055]
[0.0195836013412015, 0.012491227308222306, 0.021898992654768912]
[0.02478964433803644, 0.015692660575390222, 0.00678958872237277]
[0.02463164780891551, 0.015655010352166977, -0.010150383196131922]
[0.021710907524534168, 0.013372352467467777, -0.025449342151765177]
[0.019596911736082807, 0.011822156043522443, -0.032162459194027854]
[0.009356355658127861, 0.014635697630695983, 0.027864612471097644]
[0.01235287546818126, 0.018676304605002858, 0.021657055813661265]
[0.015929422084012816, 0.023133891508481125, 0.006886315538038817]
[0.015856283085961726, 0.02390077266616078, -0.009979382136097406]
[0.01383076429375621, 0.020820454443521902, -0.02524472779847803]
[0.012024320798789866, 0.018455966129844383, -0.031835515682905074]
[0.0028211869987291, 0.01690792127362319, 0.027679147516403758]
[0.0038893599665684323, 0.02117220036591532, 0.02133938536985042]
[0.005467951671887406, 0.025968869947463443, 0.007574863473656999]
[0.005091510545082991, 0.027437969068161948, -0.007796760910943588]
[0.004149197889124366, 0.02539848514662152, -0.021621423183065556]
[0.003441485792688867, 0.023111702397709016, -0.02712557346186103]
[-0.00022426690278417298, 0.017168752783641543, 0.027560626328786197]
[-0.00010312452422043984, 0.020648789998943273, 0.02137766571498654]
[6.278880800399383e-05, 0.02550328366605823, 0.00848491404802877]
[-6.203449174961685e-05, 0.027047639483892365, -0.005613893087821549]
[-0.00036112047572464505, 0.025656635356037093, -0.018082362954527833]
[-0.0005829762252246043, 0.02391770185233808, -0.02335478787713194]
[0.01793170523014234, 0.00024815390147282166, 0.027649297448337773]
[0.0222944603344837, 0.0004776019374654783, 0.02199842308531538]
[0.02666960302585956, 0.0004673368112903196, 0.008721322429062286]
[0.028963548991237608, -4.396357446624293e-05, -0.005149721201604951]
[0.02789623949201835, -0.0004438354336032384, -0.018238861979493187]
[0.02631361434868141, -0.0005194801227287541, -0.023866808727280454]
[0.017441445623117197, 0.003097581311475772, 0.027743116099396208]
[0.02194400698104834, 0.004398983210264308, 0.021812498116342442]
[0.027572074968209112, 0.005447842057165586, 0.007837842538664213]
[0.028624270976594042, 0.005402508111507647, -0.0070945288807291555]
[0.026654772535071945, 0.0037685523599802592, -0.021828169298582476]
[0.02476266891781914, 0.0036846862871325065, -0.027625577167671053]
[0.014195407036834017, 0.008841197415595149, 0.027836582434165372]
[0.0185036775910863, 0.011831184161701834, 0.02195837385082485]
[0.023751338335707806, 0.015044539335692787, 0.007091204245438779]
[0.02385413321275645, 0.015176878584518695, -0.009613373710907668]
[0.021009695709873356, 0.012796299030109719, -0.024673945502333306]
[0.01903306837313084, 0.011337703417505457, -0.031393174203894716]
[0.00876867687383689, 0.013684845214492173, 0.027801479901742622]
[0.011665747383576319, 0.01764048008775237, 0.021702915898539]
[0.015240484702516257, 0.022081059960732684, 0.007269002396511256]
[0.015332295788326332, 0.023103890623184103, -0.009400021938047199]
[0.013456992407548286, 0.020111802348642877, -0.024522537548407938]
[0.011685574909156476, 0.017743970116359135, -0.031100790150954804]
[0.00260890058223589, 0.015726246586977678, 0.02762263488071803]
[0.0036647794527715216, 0.019967794521117986, 0.021405677446598246]
[0.005239469665478654, 0.02473236263434893, 0.007903618257606661]
[0.004916373661763018, 0.026438239901078298, -0.007273524840002316]
[0.003980796924465395, 0.024568434726201994, -0.021010521180165484]
[0.0033108709163258664, 0.022294740068712664, -0.026442574983801863]
[-0.00025403477168100457, 0.015997290553266916, 0.027512256152051256]
[-0.00012132573690158601, 0.01941520212811374, 0.02149204086056529]
[7.705374353144806e-05, 0.02424477022679682, 0.008846159638690818]
[-8.343000388976785e-05, 0.026043795993810816, -0.0051308778253143445]
[-0.00038069680242926884, 0.024743294383551866, -0.017506255610991835]
[-0.0006013431923596815, 0.02302128417837291, -0.02275455751558474]
[-1.589182050635177e-05, 0.02536898839626393, 0.027899217565930782]
[2.4283964547583146e-05, 0.029283905094749985, 0.020577039695935273]
[-3.7065740688185805e-05, 0.03431287774088813, 0.0059561949133944345]
[8.773409323144001e-05, 0.034074543914463205, -0.008994999925371975]
[-0.00022408618879227876, 0.03205002216343369, -0.022115114359279823]
[-0.0004544074552790636, 0.03019262557009429, -0.027556400407962325]
[-0.005041264524039957, 0.025589091872441048, 0.02769518603847672]
[-0.005277068721703283, 0.028985310388872004, 0.020257637359756442]
[-0.006846876250611508, 0.034328745186277376, 0.004699914529321366]
[-0.005926515213008487, 0.033344880242969194, -0.011320659879603224]
[-0.005585029227565476, 0.03104594244315295, -0.026031318146078182]
[-0.005339435108202655, 0.028513384126153507, -0.032138006103291164]
[-0.015290726451689732, 0.021963051275815576, 0.027115185025334648]
[-0.016631952834033095, 0.024482667748041666, 0.019740520666958854]
[-0.018869080207866856, 0.0289602584065126, 0.00363666409757734]
[-0.0170041379516878, 0.027526206693827653, -0.014185464004496967]
[-0.01558944948267202, 0.024767999961911792, -0.03061530582190744]
[-0.01469179075693363, 0.02246650784724681, -0.03748090672119261]
[-0.02333588293498019, 0.013451034733554188, 0.026432077334891488]
[-0.025689606910873523, 0.016243655491036613, 0.019334127607944354]
[-0.028436811157057394, 0.018384720255363213, 0.00331891497234115]
[-0.025519134424450675, 0.017035057481891113, -0.01438529141940595]
[-0.023422935785697305, 0.01550524525174374, -0.030750351265501463]
[-0.02237683228025948, 0.014150210219919013, -0.037360645108604255]
[-0.026965361735513366, 0.0038949236889181836, 0.02589403756163906]
[-0.03064608799994593, 0.005272228287850204, 0.019264104415190005]
[-0.03351085554672823, 0.006033984790538506, 0.004475226322872229]
[-0.03034713891149782, 0.005117015090432155, -0.011562536954490612]
[-0.027739634549320838, 0.004813364084134682, -0.025896647680518796]
[-0.027016906084785373, 0.004593136283518338, -0.03200052665335345]
[-0.02723316240731981, -0.0004070139167427434, 0.02570969505309494]
[-0.03120372621817803, -0.0002836341933494112, 0.019314443139613682]
[-0.03422866477867998, -0.000352901979346813, 0.005476640591354041]
[-0.03134648157851238, -0.0005010162303027029, -0.008636519413572914]
[-0.028741014805994468, 9.052278516520606e-05, -0.021700865088962684]
[-0.027959826138546955, 5.2228768754994885e-05, -0.027338546224384006]
[-4.565968940318337e-05, 0.024197526165889303, 0.02785084738919584]
[6.082751866437003e-06, 0.028050317223920453, 0.020691414841514023]
[-2.280080516073157e-05, 0.03305436430162671, 0.006317440504056483]
[6.633858109128903e-05, 0.033070700424381656, -0.008511984662864772]
[-0.00024366251549690253, 0.03113668119094846, -0.021539007015743825]
[-0.00047277442241414085, 0.029296207896129117, -0.026956170046415127]
[-0.004814026431266299, 0.024425256237801972, 0.027658009738041243]
[-0.005119478942689552, 0.027746703413332695, 0.020362450429019498]
[-0.0065939634912172, 0.03307456407736248, 0.0050740982239534]
[-0.005808630814549376, 0.032394079037022565, -0.01082740902137419]
[-0.005467675004880193, 0.03010186164738304, -0.025396760961087242]
[-0.005190674180517586, 0.027615565824389617, -0.031455872458649135]
[-0.014663319633027383, 0.020995698834626014, 0.02710286187921095]
[-0.015986561156934784, 0.02345296304333325, 0.019815924506828668]
[-0.018250540801457868, 0.02794857508018011, 0.00396566109391007]
[-0.016581631974767017, 0.026718477019042192, -0.013649762001961711]
[-0.015110961807004256, 0.02395598876953217, -0.029866747361887692]
[-0.014240802846418966, 0.021718839323844927, -0.036697598936946435]
[-0.02241607362101819, 0.012877730713691261, 0.026447987079256573]
[-0.024671454933787352, 0.015517153891106321, 0.019512999747793875]
[-0.027520199606742294, 0.017810907343803126, 0.0036645038319098526]
[-0.02480475542373557, 0.016489193664261756, -0.013810754143097959]
[-0.02266872739757531, 0.014954873135866539, -0.030006744196648692]
[-0.02168761595957094, 0.013662383012200099, -0.03658340183987733]
[-0.02592821527846327, 0.0037488428031892743, 0.025932098237622034]
[-0.0294181595810461, 0.005047178499811788, 0.019420035146253543]
[-0.03241785352143748, 0.005883199693238855, 0.004865194701528274]
[-0.029401706722067048, 0.004985328884998562, -0.01100002612575849]
[-0.026782832368404914, 0.0046113272327674764, -0.025246594393906044]
[-0.0261319269459902, 0.0044088160927889045, -0.03137971525905299]
[-0.02619012326223096, -0.0003437977401392336, 0.025756422021264172]
[-0.029948431311304192, -0.00023386306902914674, 0.019452998827688132]
[-0.03308568037193851, -0.0002989844628454593, 0.005842500839776468]
[-0.030273299536865517, -0.00042461838458133307, -0.008182509102283164]
[-0.027708657785019467, 4.292537245110627e-05, -0.021193376455898347]
[-0.02698182049281519, 1.047753820694448e-05, -0.026848132584614534]
[-0.00010519542719684657, 0.02185460170514005, 0.02775410703572596]
[-3.0319673495855283e-05, 0.025583141482261394, 0.02092016513267153]
[5.729065894176894e-06, 0.030537337423103886, 0.007039931685380578]
[2.354755681098707e-05, 0.031063013444218558, -0.007545954137850364]
[-0.00028281516890615003, 0.029309999245978005, -0.020386792328671827]
[-0.0005095083566842954, 0.027503372548198773, -0.02575570932332073]
[-0.004359550245718982, 0.022097584968523824, 0.027583657137170297]
[-0.004804299384662089, 0.025269489462254078, 0.020572076567545602]
[-0.006088137972428586, 0.030566201859532672, 0.005822465613217468]
[-0.005572862017631154, 0.030492476625129297, -0.009840907304916123]
[-0.005232966559509626, 0.02821370005584322, -0.02412764659110536]
[-0.004893152325147448, 0.025819929220861834, -0.03009160516936507]
[-0.013408505995702688, 0.019060993952246898, 0.02707821558696355]
[-0.014695777802738168, 0.021393553633916415, 0.0199667321865683]
[-0.01701346198863989, 0.02592520842751513, 0.004623655086575531]
[-0.01573662002092545, 0.025103017669471272, -0.012578357996891203]
[-0.014153986455668727, 0.022331966384772927, -0.02836963044184819]
[-0.01333882702538964, 0.020223502277041158, -0.035130983368454084]
[-0.02057645499309419, 0.011731122673965408, 0.026479806567986736]
[-0.022635150979615007, 0.014064150691245735, 0.019870744027492917]
[-0.02568697650611209, 0.016663281520682954, 0.004355681551047258]
[-0.023375997422305353, 0.015397466029003036, -0.012661679590481978]
[-0.021160310621331318, 0.01385412890411214, -0.02851953005894315]
[-0.02030918331819386, 0.012686728596762268, -0.03502891530242348]
[-0.023853922364363084, 0.0034566810317314548, 0.026008219589587978]
[-0.02696230274324644, 0.004597078923734954, 0.019731896608380622]
[-0.030231849470855977, 0.005581629498639551, 0.005645131458840363]
[-0.027510842343205506, 0.004721956474131377, -0.009875004468294249]
[-0.02486922800657307, 0.004207253530033064, -0.02394648782068054]
[-0.02436196866839985, 0.004040175711330037, -0.030138092470452075]
[-0.024104044972053252, -0.00021736538693221407, 0.02584987595760264]
[-0.027437841497556518, -0.00013432082038861788, 0.01973011020383703]
[-0.030799711558455567, -0.000191149429842752, 0.006574221336621321]
[-0.028126935453571793, -0.0002718226931385934, -0.007274488479703663]
[-0.025643943743069466, -5.226945297709329e-05, -0.02017839918976967]
[-0.025025809201351668, -7.302492288915633e-05, -0.025867305305075586]
[-0.00016473116499050977, 0.019511677244390797, 0.027657366682256077]
[-6.672209885814757e-05, 0.02311596574060233, 0.02114891542382903]
[3.425893694908536e-05, 0.02802031054458106, 0.007762422866704675]
[-1.9243467469314904e-05, 0.02905532646405546, -0.006579923612835956]
[-0.00032196782231539757, 0.02748331730100755, -0.01923457764159983]
[-0.0005462422909544498, 0.025710537200268425, -0.024555248600226336]
[-0.003905074060171665, 0.019769913699245672, 0.02750930453629935]
[-0.004489119826634626, 0.022792275511175457, 0.020781702706071714]
[-0.00558231245363997, 0.02805783964170287, 0.0065708330024815366]
[-0.0053370932207129325, 0.028590874213236035, -0.008854405588458058]
[-0.0049982581141390595, 0.0263255384643034, -0.02285853222112348]
[-0.004595630469777309, 0.02402429261733405, -0.028727337880081014]
[-0.012153692358377991, 0.017126289069867774, 0.02705356929471615]
[-0.013404994448541548, 0.01933414422449958, 0.020117539866307932]
[-0.01577638317582191, 0.023901841774850146, 0.0052816490792409925]
[-0.01489160806708388, 0.023487558319900348, -0.011506953991820692]
[-0.013197011104333198, 0.020707944000013682, -0.026872513521808694]
[-0.012436851204360312, 0.01872816523023739, -0.033564367799961733]
[-0.018736836365170192, 0.010584514634239555, 0.026511626056716905]
[-0.020598847025442665, 0.01261114749138515, 0.020228488307191955]
[-0.02385375340548189, 0.01551565569756278, 0.005046859270184664]
[-0.021947239420875137, 0.014305738393744319, -0.011512605037865994]
[-0.019651893845087323, 0.01275338467235774, -0.027032315921237605]
[-0.01893075067681678, 0.011711074181324438, -0.03347442876496963]
[-0.021779629450262898, 0.003164519260273636, 0.026084340941553926]
[-0.024506445905446782, 0.004146979347658121, 0.0200437580705077]
[-0.028045845420274475, 0.005280059304040247, 0.006425068216152453]
[-0.02561997796434396, 0.0044585840632641914, -0.008749982810830007]
[-0.02295562364474122, 0.003803179827298651, -0.02264638124745504]
[-0.022592010390809502, 0.0036715353298711704, -0.028896469681851156]
[-0.022017966681875546, -9.093303372519453e-05, 0.02594332989394111]
[-0.024927251683808847, -3.477857174808899e-05, 0.02000722157998593]
[-0.028513742744972623, -8.331439684004468e-05, 0.007305941833466174]
[-0.025980571370278066, -0.00011902700169585381, -0.006366467857124162]
[-0.023579229701119465, -0.0001474642784052929, -0.019163421923640993]
[-0.023069797909888144, -0.00015652738398525714, -0.02488647802553664]
[-0.00022426690278417298, 0.017168752783641543, 0.027560626328786197]
[-0.00010312452422043984, 0.020648789998943273, 0.02137766571498654]
[6.278880800399383e-05, 0.02550328366605823, 0.00848491404802877]
[-6.203449174961685e-05, 0.027047639483892365, -0.005613893087821549]
[-0.00036112047572464505, 0.025656635356037093, -0.018082362954527833]
[-0.0005829762252246043, 0.02391770185233808, -0.02335478787713194]
[-0.003450597874624348, 0.017442242429967524, 0.027434951935428404]
[-0.0041739402686071635, 0.02031506156009684, 0.02099132884459782]
[-0.005076486934851356, 0.025549477423873066, 0.007319200391745604]
[-0.00510132442379471, 0.02668927180134277, -0.00786790387199999]
[-0.004763549668768493, 0.02443737687276358, -0.0215894178511416]
[-0.004298108614407171, 0.022228656013806268, -0.02736307059079695]
[-0.010898878721053296, 0.015191584187488656, 0.02702892300246875]
[-0.012114211094344931, 0.017274734815082744, 0.020268347546047564]
[-0.014539304363003932, 0.021878475122185166, 0.0059396430719064535]
[-0.014046596113242311, 0.021872098970329427, -0.010435549986750184]
[-0.01224003575299767, 0.01908392161525444, -0.02537539660176919]
[-0.011534875383330987, 0.01723282818343362, -0.03199775223146938]
[-0.016897217737246194, 0.009437906594513702, 0.02654344554544707]
[-0.01856254307127032, 0.011158144291524563, 0.020586232586890997]
[-0.022020530304851686, 0.014368029874442606, 0.00573803698932207]
[-0.02051848141944492, 0.0132140107584856, -0.010363530485250013]
[-0.018143477068843332, 0.01165264044060334, -0.025545101783532063]
[-0.0175523180354397, 0.010735419765886607, -0.031919942227515784]
[-0.01970533653616271, 0.0028723574888158167, 0.02616046229351987]
[-0.02205058906764712, 0.0036968797715812886, 0.02035561953263478]
[-0.02585984136969297, 0.004978489109440943, 0.007205004973464542]
[-0.02372911358548242, 0.004195211652397006, -0.007624961153365764]
[-0.021042019282909375, 0.003399106124564238, -0.021346274674229535]
[-0.020822052113219153, 0.003302894948412303, -0.02765484689325024]
[-0.01993188839169784, 3.549931948182509e-05, 0.02603678383027958]
[-0.022416661870061173, 6.47636768924399e-05, 0.020284332956134826]
[-0.02622777393148968, 2.452063616266263e-05, 0.008037662330311026]
[-0.023834207286984342, 3.376868974688579e-05, -0.005458447234544661]
[-0.021514515659169463, -0.00024265910383349242, -0.018148444657512315]
[-0.02111378661842462, -0.00024002984508135795, -0.02390565074599769]
[-0.00025403477168100457, 0.015997290553266916, 0.027512256152051256]
[-0.00012132573690158601, 0.01941520212811374, 0.02149204086056529]
[7.705374353144806e-05, 0.02424477022679682, 0.008846159638690818]
[-8.343000388976785e-05, 0.026043795993810816, -0.0051308778253143445]
[-0.00038069680242926884, 0.024743294383551866, -0.017506255610991835]
[-0.0006013431923596815, 0.02302128417837291, -0.02275455751558474]
[-0.0032233597818506895, 0.016278406795328448, 0.02739777563499293]
[-0.004016350489593432, 0.01907645458455753, 0.021096141913860875]
[-0.004823574175457048, 0.024295296314958165, 0.007693384086377639]
[-0.0049834400253355995, 0.025738470595396138, -0.007374653013770958]
[-0.004646195446083209, 0.023493296076993672, -0.02095486066615066]
[-0.004149347686722101, 0.021330837712042378, -0.02668093694615492]
[-0.010271471902390947, 0.014224231746299096, 0.027016599856345053]
[-0.01146881941724662, 0.01624503011037433, 0.020343751385917378]
[-0.013920764956594943, 0.020866791795852675, 0.006268640068239184]
[-0.013624090136321527, 0.021064369295543967, -0.009899847984214928]
[-0.011761548077329905, 0.018271910422874817, -0.024626838141749444]
[-0.011083887472816323, 0.016485159660031737, -0.03121444444722321]
[-0.015977408423284194, 0.008864602574650774, 0.026559355289812153]
[-0.01754439109418415, 0.010431642691594271, 0.020765104726740518]
[-0.021103918754536585, 0.01379421696288252, 0.006083625848890772]
[-0.019804102418729815, 0.012668146940856242, -0.009788993208942021]
[-0.017389268680721336, 0.01110226832472614, -0.024801494714679292]
[-0.01686310171475116, 0.010247592558167692, -0.031142698958788857]
[-0.018668190079112617, 0.0027262766030869074, 0.026198522969502844]
[-0.020822660648747292, 0.0034718299835428718, 0.020511550263698317]
[-0.024766839344402217, 0.004827704012141292, 0.007594973352120587]
[-0.022783681396051646, 0.0040635254469634135, -0.007062450324633643]
[-0.02008521710199345, 0.0031970692731970317, -0.020696221387616783]
[-0.01993707297442398, 0.0031185747576828694, -0.027034035498949782]
[-0.018888849246608986, 9.87154960853349e-05, 0.02608351079844881]
[-0.021161366963187336, 0.00011453480121270431, 0.020422888644209276]
[-0.02508478952474821, 7.84381526640163e-05, 0.008403522578733454]
[-0.02276102524533748, 0.00011016653546825568, -0.005004436923254911]
[-0.020482158638194463, -0.0002902565165475922, -0.017640956024447978]
[-0.020135780972692856, -0.0002817810756294083, -0.02341523710622822]
[0.00018247211501742723, -0.02632435753124413, 0.02582882522787687]
[-2.4876823235518793e-05, -0.030936506315861444, 0.019765880034827835]
[-3.730436663161813e-06, -0.033525950495034894, 0.005542027137546683]
[2.8542409637633522e-05, -0.03193383929176707, -0.008561646349860941]
[1.4499561768728427e-05, -0.030935063110066365, -0.0223076962069495]
[-0.00044457593313157126, -0.02986052432958315, -0.02783678035502133]
[-0.004826439479261109, -0.025722524084555488, 0.0256408419017959]
[-0.005655734746403178, -0.03039867097205059, 0.01899891683598488]
[-0.006243101460141761, -0.033226804128707065, 0.004052115355217533]
[-0.005851165280890491, -0.030645493679547758, -0.011507064494744553]
[-0.005690222101112005, -0.02954237292462468, -0.026314696160172357]
[-0.005356097300594024, -0.028240230212295263, -0.032777445032438776]
[-0.01504867499448701, -0.021369776822975754, 0.025382853084293777]
[-0.018394112601850414, -0.025990021514528217, 0.01904808104139914]
[-0.019668701942559996, -0.028238164828481415, 0.002415031503301541]
[-0.01679453956435545, -0.025439220997223146, -0.015288525811281897]
[-0.016258730146596963, -0.02407794676071619, -0.031441689308452044]
[-0.015160401893805147, -0.022857301342989914, -0.03846431064334719]
[-0.023368192118561493, -0.013999379678696076, 0.025326818160156847]
[-0.027607595227447906, -0.017499710851793845, 0.018789101715975257]
[-0.029958464219492782, -0.018887088056819035, 0.0025832904722205468]
[-0.02610095461831013, -0.01633220938991804, -0.014786337860663783]
[-0.024543660612267867, -0.015291171672324532, -0.03120412120213422]
[-0.02329102036305048, -0.014762471957346228, -0.03825317658202837]
[-0.0275244385028683, -0.005086059643617458, 0.025509193068652]
[-0.031884546864390184, -0.006105532699156159, 0.019135982850454477]
[-0.034948493576872075, -0.0066194294831874185, 0.004260275152964078]
[-0.031146292951469493, -0.006144372119862705, -0.011694584826718719]
[-0.02833724421253703, -0.005486999236027659, -0.026106040182398874]
[-0.027568077871983794, -0.00502601711988908, -0.032529052640586545]
[-0.02723316240731981, -0.0004070139167427434, 0.02570969505309494]
[-0.03120372621817803, -0.0002836341933494112, 0.019314443139613682]
[-0.03422866477867998, -0.000352901979346813, 0.005476640591354041]
[-0.03134648157851238, -0.0005010162303027029, -0.008636519413572914]
[-0.028741014805994468, 9.052278516520606e-05, -0.021700865088962684]
[-0.027959826138546955, 5.2228768754994885e-05, -0.027338546224384006]
[0.0001838511106815591, -0.025856010550038985, 0.025847717741997515]
[-2.299162649803701e-05, -0.030338344705362508, 0.019874772586857714]
[-5.843577037472569e-05, -0.03239942408444457, 0.005923577705033729]
[-1.5031362284871985e-05, -0.03050276019165829, -0.008050607814482373]
[-4.513344100670514e-05, -0.029657080925403725, -0.021697105101940027]
[-0.0004718689178460064, -0.02870289688542597, -0.027283524967684745]
[-0.004639650647313508, -0.025267861812254336, 0.02566703835424475]
[-0.0055480230560337575, -0.02979117802809246, 0.019152116888643177]
[-0.006109994407508668, -0.032133814581599265, 0.004453959641513867]
[-0.005620536992798009, -0.02926181648949947, -0.01091043104932096]
[-0.005471672954159116, -0.02832919265599291, -0.025678076927630095]
[-0.0052083563718693165, -0.027179088299078204, -0.032111726844002986]
[-0.014518202268659273, -0.02096353891889424, 0.025421661195314714]
[-0.017802863226370313, -0.025382736593613446, 0.01912772675003874]
[-0.018986179180674204, -0.02728026600133435, 0.002824816220521118]
[-0.016092911823193144, -0.02424892535121299, -0.014631735052082059]
[-0.01569951951476348, -0.023178445997241705, -0.03062435604359931]
[-0.014650060686990938, -0.022071802032151776, -0.0376356147710555]
[-0.022536196013636996, -0.013724853096932343, 0.025373102643238075]
[-0.026591961294674955, -0.016929975390554807, 0.018941831868661888]
[-0.028970405281317255, -0.01825989216943919, 0.0029693992007597814]
[-0.025070013574902055, -0.015511954169479848, -0.014263736029819158]
[-0.02367063398967807, -0.014685515302675416, -0.030413786119899727]
[-0.022473737058781546, -0.014315250318948432, -0.037406017971713654]
[-0.02648680951052135, -0.0049359421720059134, 0.025559185501388228]
[-0.030608808533607992, -0.005857384484118005, 0.019251987738840504]
[-0.033773904055931094, -0.006392359364956513, 0.004620665929086059]
[-0.030004514601366297, -0.0058011734477484925, -0.011142742169041]
[-0.027304275879955216, -0.005234649848112338, -0.025504755835121042]
[-0.026606753657434316, -0.004880916232709038, -0.031887596962631444]
[-0.02619012326223096, -0.0003437977401392336, 0.025756422021264172]
[-0.029948431311304192, -0.00023386306902914674, 0.019452998827688132]
[-0.03308568037193851, -0.0002989844628454593, 0.005842500839776468]
[-0.030273299536865517, -0.00042461838458133307, -0.008182509102283164]
[-0.027708657785019467, 4.292537245110627e-05, -0.021193376455898347]
[-0.02698182049281519, 1.047753820694448e-05, -0.026848132584614534]
[0.00018660910200982286, -0.0249193165876287, 0.025885502770238804]
[-1.922123302307344e-05, -0.029142021484364636, 0.02009255769091748]
[-0.00016784643779785345, -0.030146371263263923, 0.00668667884000782]
[-0.00010217890612988301, -0.027640601991440743, -0.0070285307437252375]
[-0.0001643994465575723, -0.02710111655607845, -0.020475922891921083]
[-0.0005264548872748768, -0.026387641997111615, -0.026177014193011574]
[-0.004266072983418304, -0.024358537267652036, 0.02571943125914245]
[-0.005332599675294918, -0.0285761921401762, 0.019458516993959767]
[-0.005843780302242484, -0.029947835487383667, 0.005257648214106534]
[-0.005159280416613046, -0.0264944621094029, -0.009717164158473774]
[-0.005034574660253337, -0.025902832118729364, -0.024404838462545573]
[-0.004912874514419901, -0.02505680447264409, -0.030780290467131394]
[-0.013457256817003802, -0.020151063110731206, 0.02549927741735659]
[-0.01662036447541012, -0.024168166751783904, 0.01928701816731794]
[-0.017621133656902623, -0.02536446834704022, 0.0036443856549602713]
[-0.01468965634086853, -0.021868334059192675, -0.013318153533682384]
[-0.014581098251096512, -0.021379444470292726, -0.028989689513893836]
[-0.013629378273362518, -0.0205008034104755, -0.03597822302647213]
[-0.020872203803788004, -0.013175799933404876, 0.025465671609400536]
[-0.024560693429129046, -0.015790504468076734, 0.019247292174035147]
[-0.026994287404966198, -0.01700550039467951, 0.00374161665783825]
[-0.023008131488085903, -0.013871443728603466, -0.01321853236812991]
[-0.021924580744498472, -0.013474202563377185, -0.028833115955430734]
[-0.020839170450243673, -0.01342080704215284, -0.035711700751084215]
[-0.02441155152582745, -0.004635707228782823, 0.025659170366860683]
[-0.028057331872043605, -0.005361088054041696, 0.019483997515612556]
[-0.03142472501404914, -0.005938219128494703, 0.005341447481330022]
[-0.027720957901159905, -0.005114776103520069, -0.010039056853685566]
[-0.025238339214791586, -0.004729951072281697, -0.024302187140565375]
[-0.024684105228335362, -0.0045907144583489535, -0.030604685606721242]
[-0.024104044972053252, -0.00021736538693221407, 0.02584987595760264]
[-0.027437841497556518, -0.00013432082038861788, 0.01973011020383703]
[-0.030799711558455567, -0.000191149429842752, 0.006574221336621321]
[-0.028126935453571793, -0.0002718226931385934, -0.007274488479703663]
[-0.025643943743069466, -5.226945297709329e-05, -0.02017839918976967]
[-0.025025809201351668, -7.302492288915633e-05, -0.025867305305075586]
[0.00018936709333808657, -0.023982622625218407, 0.02592328779848009]
[-1.5450839548109868e-05, -0.02794569826336676, 0.02031034279497724]
[-0.00027725710522098117, -0.02789331844208328, 0.007449779974981911]
[-0.000189326449974894, -0.02477844379122319, -0.0060064536729681015]
[-0.0002836654521084394, -0.024545152186753173, -0.019254740681902135]
[-0.0005810408567037471, -0.024072387108797264, -0.025070503418338407]
[-0.003892495319523101, -0.023449212723049735, 0.025771824164040155]
[-0.005117176294556078, -0.027361206252259945, 0.01976491709927636]
[-0.005577566196976299, -0.02776185639316807, 0.006061336786699201]
[-0.004698023840428082, -0.023727107729306328, -0.008523897267626588]
[-0.00459747636634756, -0.02347647158146582, -0.023131599997461054]
[-0.004617392656970485, -0.022934520646209974, -0.02944885409025981]
[-0.012396311365348328, -0.019338587302568176, 0.025576893639398465]
[-0.01543786572444992, -0.022953596909954358, 0.019446309584597143]
[-0.016256088133131043, -0.023448670692746094, 0.004463955089399426]
[-0.013286400858543919, -0.01948774276717236, -0.012004572015282709]
[-0.013462676987429548, -0.019580442943343754, -0.02735502298418837]
[-0.0126086958597341, -0.018929804788799222, -0.03432083128188875]
[-0.01920821159393901, -0.01262674676987741, 0.025558240575562996]
[-0.022529425563583144, -0.014651033545598657, 0.01955275247940841]
[-0.025018169528615145, -0.015751108619919824, 0.00451383411491672]
[-0.02094624940126975, -0.012230933287727085, -0.01217332870644066]
[-0.020178527499318876, -0.012262889824078952, -0.027252445790961748]
[-0.019204603841705803, -0.012526363765357248, -0.034017383530454776]
[-0.022336293541133548, -0.004335472285559732, 0.02575915523233314]
[-0.025505855210479222, -0.004864791623965388, 0.01971600729238461]
[-0.02907554597216718, -0.005484078892032894, 0.0060622290335739844]
[-0.025437401200953516, -0.004428378759291644, -0.008935371538330131]
[-0.023172402549627956, -0.004225252296451056, -0.023099618446009707]
[-0.022761456799236406, -0.004300512683988868, -0.02932177425081104]
[-0.022017966681875546, -9.093303372519453e-05, 0.02594332989394111]
[-0.024927251683808847, -3.477857174808899e-05, 0.02000722157998593]
[-0.028513742744972623, -8.331439684004468e-05, 0.007305941833466174]
[-0.025980571370278066, -0.00011902700169585381, -0.006366467857124162]
[-0.023579229701119465, -0.0001474642784052929, -0.019163421923640993]
[-0.023069797909888144, -0.00015652738398525714, -0.02488647802553664]
[0.00019212508466635034, -0.02304592866280812, 0.02596107282672138]
[-1.1680446073146301e-05, -0.02674937504236889, 0.020528127899037005]
[-0.00038666777264410895, -0.02564026562090263, 0.008212881109956001]
[-0.000276473993819905, -0.02191628559100564, -0.004984376602210965]
[-0.0004029314576593066, -0.021989187817427897, -0.01803355847188319]
[-0.0006356268261326175, -0.021757132220482908, -0.023963992643665236]
[-0.0035189176556278973, -0.022539888178447435, 0.025824217068937855]
[-0.004901752913817238, -0.026146220364343685, 0.020071317204592952]
[-0.005311352091710115, -0.02557587729895247, 0.006865025359291869]
[-0.004236767264243119, -0.02095975334920976, -0.007330630376779401]
[-0.004160378072441781, -0.021050111044202277, -0.02185836153237653]
[-0.004321910799521069, -0.020812236819775856, -0.028117417713388222]
[-0.011335365913692858, -0.018526111494405143, 0.02565450986144034]
[-0.014255366973489723, -0.021739027068124816, 0.019605601001876343]
[-0.014891042609359459, -0.021532873038451965, 0.005283524523838579]
[-0.011883145376219307, -0.017107151475152044, -0.010690990496883034]
[-0.01234425572376258, -0.017781441416394775, -0.025720356454482896]
[-0.01158801344610568, -0.017358806167122945, -0.032663439537305376]
[-0.017544219384090017, -0.012077693606349943, 0.025650809541725456]
[-0.020498157698037235, -0.013511562623120584, 0.019858212784781667]
[-0.023042051652264087, -0.014496716845160141, 0.005286051571995188]
[-0.018884367314453598, -0.010590422846850701, -0.011128125044751412]
[-0.01843247425413928, -0.01105157708478072, -0.025671775626492754]
[-0.01757003723316793, -0.011631920488561657, -0.032323066309825337]
[-0.020261035556439648, -0.004035237342336642, 0.025859140097805596]
[-0.022954378548914835, -0.00436849519388908, 0.01994801706915666]
[-0.026726366930285222, -0.005029938655571083, 0.006783010585817947]
[-0.023153844500747124, -0.0037419814150632196, -0.007831686222974695]
[-0.021106465884464323, -0.0037205535206204145, -0.02189704975145404]
[-0.020838808370137452, -0.004010310909628784, -0.02803886289490084]
[-0.01993188839169784, 3.549931948182509e-05, 0.02603678383027958]
[-0.022416661870061173, 6.47636768924399e-05, 0.020284332956134826]
[-0.02622777393148968, 2.452063616266263e-05, 0.008037662330311026]
[-0.023834207286984342, 3.376868974688579e-05, -0.005458447234544661]
[-0.021514515659169463, -0.00024265910383349242, -0.018148444657512315]
[-0.02111378661842462, -0.00024002984508135795, -0.02390565074599769]
[0.0001935040803304822, -0.022577581681602975, 0.025979965340842025]
[-9.795249335664517e-06, -0.026151213431869953, 0.020637020451066884]
[-0.0004413731063556728, -0.02451373921031231, 0.008594431677443047]
[-0.0003200477657424105, -0.020485206490896864, -0.004473338066832397]
[-0.00046256446043474014, -0.020711205632765257, -0.017422967366873716]
[-0.0006629198108470527, -0.02059950477632573, -0.02341073725632865]
[-0.0033321288236802956, -0.022085225906146283, 0.025850413521386707]
[-0.004794041223447817, -0.025538727420385557, 0.02022451725725125]
[-0.005178245039077023, -0.02448288775184467, 0.007266869645588202]
[-0.004006138976150637, -0.019576076159161473, -0.006733996931355808]
[-0.003941828925488892, -0.019836930775570503, -0.02122174229983427]
[-0.004174169870796361, -0.0197510949065588, -0.02745169952495243]
[-0.01080489318786512, -0.01811987359032363, 0.02569331797246128]
[-0.013664117598009624, -0.021131742147210045, 0.019685246710515945]
[-0.014208519847473669, -0.0205749742113049, 0.005693309241058156]
[-0.011181517635057, -0.015916855829141888, -0.010034199737683196]
[-0.011785045091929097, -0.01688194065292029, -0.024903023189630162]
[-0.01107767223929147, -0.016573306856284806, -0.03183474366501369]
[-0.01671222327916552, -0.01180316702458621, 0.025697094024806685]
[-0.019482523765264284, -0.012941827161881546, 0.020010942937468298]
[-0.02205399271408856, -0.0138695209577803, 0.005672160300534423]
[-0.01785342627104552, -0.00977016762641251, -0.010605523213906787]
[-0.01755944763154948, -0.010445920715131604, -0.02488144054425826]
[-0.016752753928898995, -0.011184698850163861, -0.03147590769951062]
[-0.019223406564092698, -0.0038851198707250964, 0.025909132530541824]
[-0.021678640218132643, -0.004120346978850926, 0.02006402195754269]
[-0.025551777409344244, -0.0048028685373401785, 0.007143401361939928]
[-0.022012066150643928, -0.0033987827429490074, -0.007279843565296979]
[-0.020073497551882508, -0.003468204132705094, -0.021295765404176208]
[-0.019877484155587974, -0.0038652100224487417, -0.027397407216945738]
[-0.018888849246608986, 9.87154960853349e-05, 0.02608351079844881]
[-0.021161366963187336, 0.00011453480121270431, 0.020422888644209276]
[-0.02508478952474821, 7.84381526640163e-05, 0.008403522578733454]
[-0.02276102524533748, 0.00011016653546825568, -0.005004436923254911]
[-0.020482158638194463, -0.0002902565165475922, -0.017640956024447978]
[-0.020135780972692856, -0.0002817810756294083, -0.02341523710622822]
[0.024925335284357, 8.926741151109771e-05, 0.02793916926042667]
[0.03174470563263913, 7.945628589651812e-05, 0.021323869408644506]
[0.03752366952390871, 5.25759820096661e-05, 0.006467703824150126]
[0.03671801368980827, -1.4270032639234786e-05, -0.00875008123085871]
[0.03477650205516354, -5.297099423852975e-06, -0.022799158333381687]
[0.03278478421533145, 4.3096152955404976e-05, -0.028473609278541003]
[0.025248476169623155, -0.004792317754155547, 0.027756550037005896]
[0.032021806854180934, -0.006049873080226666, 0.021101380842917638]
[0.03767221008228766, -0.007340180798252196, 0.005335923835799501]
[0.037048973832586644, -0.0072977181390330844, -0.012013474304989275]
[0.03421686429455617, -0.006347554793051732, -0.02712314895114289]
[0.03143049568973353, -0.005586998846591008, -0.033545937139389526]
[0.0219973052249086, -0.01509806430044155, 0.027204390155513798]
[0.027915040059066237, -0.01845361712640442, 0.020494849165615045]
[0.03172345033061614, -0.020085299511877597, 0.0034861967461260863]
[0.03152291632319645, -0.019951910668901174, -0.014669247068986833]
[0.028527276958717783, -0.017916079658806736, -0.031199689070149143]
[0.024850905852835965, -0.016211639672834885, -0.038611057052849]
[0.01441778585616731, -0.02336175437928622, 0.026550993788642254]
[0.01853750926697479, -0.02816991660283168, 0.020185549207715085]
[0.020939872189543577, -0.02946307755940453, 0.00314035838758332]
[0.02036336400824834, -0.029442689178326303, -0.015025005586124848]
[0.017889133961072928, -0.02725040615054858, -0.031717582773982234]
[0.015773896391834758, -0.02489276856734426, -0.038417555933859746]
[0.004815106220790939, -0.026880980282244515, 0.02600268694440511]
[0.0063801347343416925, -0.03209789818417463, 0.019435295951549508]
[0.007088617513217103, -0.03396904072217781, 0.004496706260553502]
[0.006732522516706412, -0.03281452775303265, -0.011522685239366939]
[0.005920136746313562, -0.0313352263156737, -0.02669210565131613]
[0.004926171575602593, -0.02973626319076003, -0.03284249233119608]
[0.00018247211501742723, -0.02632435753124413, 0.02582882522787687]
[-2.4876823235518793e-05, -0.030936506315861444, 0.019765880034827835]
[-3.730436663161813e-06, -0.033525950495034894, 0.005542027137546683]
[2.8542409637633522e-05, -0.03193383929176707, -0.008561646349860941]
[1.4499561768728427e-05, -0.030935063110066365, -0.0223076962069495]
[-0.00044457593313157126, -0.02986052432958315, -0.02783678035502133]
[0.024051131527580167, 0.00010912822275631321, 0.027902935283915558]
[0.0305634249703697, 0.00012922449234263814, 0.021408188618228366]
[0.036166911211652567, 0.0001044210856697478, 0.006749406149764146]
[0.035748705602486934, -1.7981725367610804e-05, -0.00830003622720199]
[0.033916469234770395, -6.011439119627615e-05, -0.022229121289145625]
[0.0319758879820002, -2.722588150511492e-05, -0.027897759209633433]
[0.024433045482297373, -0.004738617532423255, 0.027724166598500546]
[0.030899849289632388, -0.005828721104412618, 0.021166404159538084]
[0.03625043416963588, -0.0069870224007286055, 0.005602843438972535]
[0.036102176938411286, -0.007056926120025306, -0.0114478320453488]
[0.03344111710094993, -0.006255230307341856, -0.02644706884916558]
[0.030712499112384026, -0.0055943373428567, -0.032876338149747455]
[0.02132277018892174, -0.014898565555905801, 0.02718383841981551]
[0.027036145247130054, -0.01796872361565687, 0.020613595663853165]
[0.03043174282950465, -0.019174269872061313, 0.0037970653251146406]
[0.030742326173518308, -0.019302640401952547, -0.014154833642028292]
[0.027836455237765637, -0.017432415304453604, -0.030506003251342572]
[0.024318491620106686, -0.015850836064862282, -0.037842434844469156]
[0.013946682803532229, -0.022950121029135306, 0.026547590532170474]
[0.018042081384904457, -0.027582080829199898, 0.020271862061322643]
[0.020063207027304544, -0.02814857215884521, 0.0035856016963340324]
[0.019736335556447507, -0.028320046421215883, -0.014427519031801875]
[0.01748435812333754, -0.026464108615202712, -0.030984400632060875]
[0.015412197830107822, -0.024184946895563074, -0.03763950413568572]
[0.004664523660282607, -0.026402702583110498, 0.0260155414795083]
[0.00622471221457087, -0.03145718830024881, 0.019561914476317013]
[0.006823372102289173, -0.032723095398147675, 0.004891014679226782]
[0.006473753750761356, -0.031326880551686885, -0.010952758912858256]
[0.005750610856428915, -0.03016996709036541, -0.026007770090583845]
[0.004815027261282638, -0.02872291117699883, -0.03218911733013753]
[0.0001838511106815591, -0.025856010550038985, 0.025847717741997515]
[-2.299162649803701e-05, -0.030338344705362508, 0.019874772586857714]
[-5.843577037472569e-05, -0.03239942408444457, 0.005923577705033729]
[-1.5031362284871985e-05, -0.03050276019165829, -0.008050607814482373]
[-4.513344100670514e-05, -0.029657080925403725, -0.021697105101940027]
[-0.0004718689178460064, -0.02870289688542597, -0.027283524967684745]
[0.0223027240140265, 0.00014884984524674418, 0.027830467330893335]
[0.02820086364583084, 0.00022876090523487818, 0.021576827037396083]
[0.03345339458714028, 0.00020811129298991117, 0.007312810800992186]
[0.03381008942784427, -2.540511082436284e-05, -0.007399946219888551]
[0.032196403593984096, -0.0001697489747411225, -0.0210890472006735]
[0.030358095515337684, -0.00016786995042615473, -0.026746059071818297]
[0.02280218410764581, -0.004631217088958672, 0.02765939972148984]
[0.02865593416053529, -0.005386417152784521, 0.02129645079277897]
[0.033406882344332325, -0.006280705605681424, 0.0061366826453186024]
[0.03420858315006057, -0.00657534208200975, -0.010316547526067851]
[0.031889622713737444, -0.006070581335922103, -0.02509490864521096]
[0.02927650595768502, -0.0056090143353880835, -0.03153714017046332]
[0.01997370011694802, -0.014499568066834305, 0.027142734948418935]
[0.025278355623257684, -0.01699893659416177, 0.020851088660329406]
[0.027848327827281673, -0.01735221059242874, 0.00441880248309175]
[0.02918114587416203, -0.018004099868055297, -0.013126006788111207]
[0.02645481179586134, -0.016465086595747344, -0.029118631613729427]
[0.02325366315464813, -0.015129228848917077, -0.03630519042770945]
[0.013004476698262067, -0.022126854328833476, 0.026540784019226916]
[0.017051225620763787, -0.026406409281936327, 0.02044448776853776]
[0.01830987670282648, -0.025519561357726577, 0.004476088313835457]
[0.018482278652845838, -0.02607476090699504, -0.01323254592315593]
[0.01667480644786676, -0.02489151354451098, -0.02951803634821816]
[0.014688800706653949, -0.022769303552000703, -0.03608340053933766]
[0.004363358539265941, -0.02544614718484246, 0.026041250549714682]
[0.005913867175029227, -0.03017576853239718, 0.019815151525852018]
[0.006292881280433315, -0.030231204750087406, 0.005679631516573343]
[0.005956216218871245, -0.02835158614899535, -0.00981290625984089]
[0.005411559076659622, -0.02783944863974882, -0.024639098969119276]
[0.004592738632642728, -0.026696207149476424, -0.03088236732802044]
[0.00018660910200982286, -0.0249193165876287, 0.025885502770238804]
[-1.922123302307344e-05, -0.029142021484364636, 0.02009255769091748]
[-0.00016784643779785345, -0.030146371263263923, 0.00668667884000782]
[-0.00010217890612988301, -0.027640601991440743, -0.0070285307437252375]
[-0.0001643994465575723, -0.02710111655607845, -0.020475922891921083]
[-0.0005264548872748768, -0.026387641997111615, -0.026177014193011574]
[0.020554316500472836, 0.00018857146773717517, 0.027757999377871108]
[0.025838302321291987, 0.00032829731812711825, 0.021745465456563803]
[0.03073987796262799, 0.0003118015003100745, 0.007876215452220225]
[0.0318714732532016, -3.2828496281114875e-05, -0.00649985621257511]
[0.030476337953197798, -0.00027938355828596885, -0.019948973112201375]
[0.028740303048675177, -0.0003085140193471945, -0.02559435893400316]
[0.021171322732994245, -0.004523816645494088, 0.027594632844479137]
[0.026412019031438198, -0.004944113201156425, 0.02142649742601986]
[0.03056333051902877, -0.005574388810634243, 0.006670521851664671]
[0.03231498936170985, -0.006093758043994195, -0.0091852630067869]
[0.030338128326524962, -0.005885932364502349, -0.023742748441256338]
[0.027840512802986016, -0.005623691327919467, -0.030197942191179182]
[0.018624630044974305, -0.01410057057776281, 0.027101631477022357]
[0.023520565999385318, -0.01602914957266667, 0.021088581656805647]
[0.025264912825058695, -0.01553015131279617, 0.005040539641068859]
[0.027619965574805755, -0.016705559334158047, -0.012097179934194124]
[0.025073168353957048, -0.015497757887041084, -0.027731259976116283]
[0.022188834689189568, -0.01440762163297187, -0.03476794601094976]
[0.012062270592991906, -0.02130358762853165, 0.02653397750628336]
[0.016060369856623118, -0.025230737734672763, 0.02061711347575287]
[0.016556546378348413, -0.022890550556607943, 0.0053665749313368824]
[0.017228221749244172, -0.023829475392774198, -0.012037572814509985]
[0.015865254772395983, -0.023318918473819245, -0.028051672064375446]
[0.013965403583200078, -0.021353660208438333, -0.03452729694298961]
[0.004062193418249276, -0.02448959178657442, 0.026066959619921067]
[0.005603022135487582, -0.028894348764545545, 0.02006838857538703]
[0.005762390458577456, -0.027739314102027138, 0.006468248353919904]
[0.005438678686981134, -0.025376291746303813, -0.008673053606823522]
[0.0050725072968903296, -0.02550893018913223, -0.023270427847654707]
[0.004370450004002819, -0.02466950312195402, -0.029575617325903348]
[0.00018936709333808657, -0.023982622625218407, 0.02592328779848009]
[-1.5450839548109868e-05, -0.02794569826336676, 0.02031034279497724]
[-0.00027725710522098117, -0.02789331844208328, 0.007449779974981911]
[-0.000189326449974894, -0.02477844379122319, -0.0060064536729681015]
[-0.0002836654521084394, -0.024545152186753173, -0.019254740681902135]
[-0.0005810408567037471, -0.024072387108797264, -0.025070503418338407]
[0.01880590898691917, 0.00022829309022760617, 0.027685531424848885]
[0.023475740996753126, 0.0004278337310193583, 0.02191410387573152]
[0.028026361338115705, 0.0004154917076302379, 0.008439620103448266]
[0.02993285707855894, -4.0251881737866915e-05, -0.005599766205261671]
[0.0287562723124115, -0.0003890181418308152, -0.018808899023729248]
[0.027122510582012663, -0.0004491580882682343, -0.024442658796188024]
[0.01954046135834268, -0.0044164162020295045, 0.027529865967468432]
[0.0241681039023411, -0.0045018092495283275, 0.021556544059260746]
[0.027719778693725217, -0.004868072015587061, 0.007204361058010738]
[0.030421395573359135, -0.005612174005978639, -0.008053978487505952]
[0.02878663393931248, -0.0057012833930825966, -0.02239058823730172]
[0.02640451964828701, -0.00563836832045085, -0.028858744211895042]
[0.017275559973000586, -0.013701573088691313, 0.02706052800562578]
[0.021762776375512948, -0.015059362551171573, 0.021326074653281887]
[0.022681497822835718, -0.013708092033163598, 0.005662276799045967]
[0.026058785275449477, -0.015407018800260795, -0.01106835308027704]
[0.02369152491205275, -0.014530429178334824, -0.026343888338503138]
[0.02112400622373101, -0.013686014417026665, -0.03323070159419006]
[0.011120064487721744, -0.02048032092822982, 0.026527170993339802]
[0.01506951409248245, -0.024055066187409192, 0.020789739182967986]
[0.01480321605387035, -0.020261539755489305, 0.006257061548838308]
[0.015974164845642503, -0.02158418987855336, -0.01084259970586404]
[0.015055703096925208, -0.021746323403127512, -0.02658530778053273]
[0.013242006459746205, -0.01993801686487596, -0.03297119334664155]
[0.0037610282972326114, -0.023533036388306384, 0.026092668690127448]
[0.005292177095945939, -0.027612928996693917, 0.020321625624922034]
[0.005231899636721597, -0.02524742345396687, 0.007256865191266465]
[0.004921141155091022, -0.022400997343612276, -0.007533200953806156]
[0.004733455517121036, -0.023178411738515637, -0.021901756726190137]
[0.004148161375362908, -0.022642799094431613, -0.028268867323786258]
[0.00019212508466635034, -0.02304592866280812, 0.02596107282672138]
[-1.1680446073146301e-05, -0.02674937504236889, 0.020528127899037005]
[-0.00038666777264410895, -0.02564026562090263, 0.008212881109956001]
[-0.000276473993819905, -0.02191628559100564, -0.004984376602210965]
[-0.0004029314576593066, -0.021989187817427897, -0.01803355847188319]
[-0.0006356268261326175, -0.021757132220482908, -0.023963992643665236]
[0.01793170523014234, 0.00024815390147282166, 0.027649297448337773]
[0.0222944603344837, 0.0004776019374654783, 0.02199842308531538]
[0.02666960302585956, 0.0004673368112903196, 0.008721322429062286]
[0.028963548991237608, -4.396357446624293e-05, -0.005149721201604951]
[0.02789623949201835, -0.0004438354336032384, -0.018238861979493187]
[0.02631361434868141, -0.0005194801227287541, -0.023866808727280454]
[0.0187250306710169, -0.004362715980297213, 0.027497482528963082]
[0.023046146337792554, -0.00428065727371428, 0.021621567375881192]
[0.02629800278107344, -0.004514913618063471, 0.007471280661183772]
[0.029474598679183776, -0.005371381986970861, -0.0074883362278654764]
[0.02801088674570624, -0.00560895890737272, -0.02171450813532441]
[0.025686523070937505, -0.005645706816716542, -0.028189145222252975]
[0.016601024937013726, -0.013502074344155564, 0.027039976269927494]
[0.020883881563576765, -0.014574469040424023, 0.021444821151520008]
[0.02138979032172423, -0.012797062393347313, 0.005973145378034522]
[0.025278195125771338, -0.01475774853331217, -0.010553939653318498]
[0.023000703191100605, -0.014046764823981693, -0.025650202519696567]
[0.02059159199100173, -0.013325210809054062, -0.032462079385810215]
[0.010648961435086663, -0.020068687578078906, 0.02652376773686802]
[0.014574086210412115, -0.02346723041377741, 0.020876052036575544]
[0.013926550891631317, -0.01894703435492999, 0.00670230485758902]
[0.015347136393841668, -0.020461547121442936, -0.010245113151541068]
[0.014650927259189818, -0.020960025867781645, -0.025852125638611372]
[0.012880307898019269, -0.019230195193094775, -0.03219314154846752]
[0.0036104457367242787, -0.023054758689172367, 0.026105523225230638]
[0.005136754576175117, -0.0269722191127681, 0.02044824414968954]
[0.004966654225793668, -0.024001478129936735, 0.007651173609939745]
[0.004662372389145967, -0.02091335014226651, -0.006963274627297473]
[0.00456392962723639, -0.022013152513207342, -0.021217421165457852]
[0.004037017061042953, -0.02162944708067041, -0.02761549232272771]
[0.0001935040803304822, -0.022577581681602975, 0.025979965340842025]
[-9.795249335664517e-06, -0.026151213431869953, 0.020637020451066884]
[-0.0004413731063556728, -0.02451373921031231, 0.008594431677443047]
[-0.0003200477657424105, -0.020485206490896864, -0.004473338066832397]
[-0.00046256446043474014, -0.020711205632765257, -0.017422967366873716]
[-0.0006629198108470527, -0.02059950477632573, -0.02341073725632865]
[0.03278478421533145, 4.3096152955404976e-05, -0.028473609278541003]
[0.03143049568973353, -0.005586998846591008, -0.033545937139389526]
[0.024850905852835965, -0.016211639672834885, -0.038611057052849]
[0.015773896391834758, -0.02489276856734426, -0.038417555933859746]
[0.004926171575602593, -0.02973626319076003, -0.03284249233119608]
[-0.00044457593313157126, -0.02986052432958315, -0.02783678035502133]
[0.030856057244153655, 0.005587284229158573, -0.03279018407946063]
[0.029085665709521362, -0.000160690380242516, -0.040069775788398335]
[0.02070811178759228, -0.012336451302271111, -0.048911458695467785]
[0.010459364605962142, -0.021935556917364853, -0.04950945076248313]
[-0.00045477257490334443, -0.027830043425954087, -0.040707846772651095]
[-0.005356097300594024, -0.028240230212295263, -0.032777445032438776]
[0.02354381527674658, 0.015213324425641345, -0.03754745412495982]
[0.020109903754842808, 0.010529600058502486, -0.04736998232777662]
[0.012376326169228886, -0.000823875356847528, -0.06494699659486075]
[-0.0018803486233276141, -0.014705114710011777, -0.06607293892280368]
[-0.012151732750509542, -0.021588589118780595, -0.05021284420240917]
[-0.015160401893805147, -0.022857301342989914, -0.03846431064334719]
[0.014395542026223597, 0.023439938224241095, -0.03697859440655695]
[0.010201142219427141, 0.020029538530206118, -0.0479816013868506]
[-0.0009707828979275209, 0.013062014490712547, -0.06582729013831684]
[-0.015745842764652906, -0.0010598254741597244, -0.06673109865085942]
[-0.022452027347374025, -0.011367246300261223, -0.05129823415115258]
[-0.02329102036305048, -0.014762471957346228, -0.03825317658202837]
[0.0043557899272298715, 0.028830438700683473, -0.03190656280827519]
[-0.0004960676440036828, 0.026387868920356043, -0.039176773592676]
[-0.011653478602441454, 0.01976333358760996, -0.04881177859867526]
[-0.02123067731542335, 0.010308750823195767, -0.04961698513046777]
[-0.02712004931983859, -0.0005255863551554125, -0.040682682902293404]
[-0.027568077871983794, -0.00502601711988908, -0.032529052640586545]
[-0.0004544074552790636, 0.03019262557009429, -0.027556400407962325]
[-0.005339435108202655, 0.028513384126153507, -0.032138006103291164]
[-0.01469179075693363, 0.02246650784724681, -0.03748090672119261]
[-0.02237683228025948, 0.014150210219919013, -0.037360645108604255]
[-0.027016906084785373, 0.004593136283518338, -0.03200052665335345]
[-0.027959826138546955, 5.2228768754994885e-05, -0.027338546224384006]
[0.0319758879820002, -2.722588150511492e-05, -0.027897759209633433]
[0.030712499112384026, -0.0055943373428567, -0.032876338149747455]
[0.024318491620106686, -0.015850836064862282, -0.037842434844469156]
[0.015412197830107822, -0.024184946895563077, -0.03763950413568572]
[0.004815027261282638, -0.02872291117699883, -0.03218911733013753]
[-0.0004718689178460064, -0.02870289688542597, -0.027283524967684745]
[0.03009438370336184, 0.0053494594864053144, -0.03214460821548693]
[0.02843373752445908, -0.00023796811961952064, -0.039367739288888016]
[0.02041009760505621, -0.012125472469252689, -0.048109776344925366]
[0.010171790643352127, -0.021350254888817168, -0.04859126073054922]
[-0.00042221147483055755, -0.026985347068723756, -0.03993502047574448]
[-0.0052083563718693165, -0.027179088299078204, -0.032111726844002986]
[0.02297997191379461, 0.014728871799624359, -0.036778169134826684]
[0.01974047431839563, 0.01021052059672912, -0.046594806233354526]
[0.012106994315135308, -0.0009398095608632438, -0.06394341859949555]
[-0.0018018374896789666, -0.014396540644652515, -0.06498070050497373]
[-0.011776710418527934, -0.020975768162886703, -0.0491922747328823]
[-0.014650060686990938, -0.022071802032151776, -0.0376356147710555]
[0.014056796136590208, 0.02272794221075585, -0.036243868874606684]
[0.00997059332429408, 0.019357159615985577, -0.04708000196274844]
[-0.0009551493205705076, 0.012666003051202763, -0.0650326087785599]
[-0.015506816993537682, -0.0010762527089455897, -0.06613383525954436]
[-0.02181481689479428, -0.011123916870226564, -0.05030403101756563]
[-0.022473737058781546, -0.014315250318948432, -0.037406017971713654]
[0.004225175050866871, 0.02801347637168712, -0.031223564330216023]
[-0.0004904410912825513, 0.025560401187178942, -0.03838720103914171]
[-0.011352420299085552, 0.019082255804462735, -0.0478833716142014]
[-0.020645702575883766, 0.009986585526592102, -0.048700288182792685]
[-0.026289611622225154, -0.0005192875267900985, -0.03995437267271914]
[-0.026606753657434316, -0.004880916232709038, -0.031887596962631444]
[-0.00047277442241414085, 0.029296207896129117, -0.026956170046415127]
[-0.005190674180517586, 0.027615565824389617, -0.031455872458649135]
[-0.014240802846418966, 0.021718839323844927, -0.036697598936946435]
[-0.02168761595957094, 0.013662383012200099, -0.03658340183987733]
[-0.0261319269459902, 0.0044088160927889045, -0.03137971525905299]
[-0.02698182049281519, 1.047753820694448e-05, -0.026848132584614534]
[0.030358095515337684, -0.00016786995042615473, -0.026746059071818297]
[0.02927650595768502, -0.005609014335388084, -0.031537140170463315]
[0.02325366315464813, -0.015129228848917077, -0.03630519042770945]
[0.014688800706653949, -0.022769303552000707, -0.03608340053933766]
[0.004592738632642728, -0.026696207149476427, -0.030882367328020438]
[-0.0005264548872748768, -0.026387641997111615, -0.026177014193011574]
[0.028571036621778213, 0.004873810000898798, -0.03085345648753954]
[0.02712988115433452, -0.00039252359837352985, -0.03796366628986737]
[0.019814069239984064, -0.011703514803215843, -0.04650641164384053]
[0.009596642718132096, -0.020179650831721796, -0.04675488066668142]
[-0.00035708927468498374, -0.02529595435426309, -0.03838936788193125]
[-0.004912874514419901, -0.02505680447264409, -0.030780290467131394]
[0.021852285187890678, 0.013759966547590386, -0.03523959915456041]
[0.01900161544550127, 0.009572361673182386, -0.045044454044510324]
[0.01156833060694815, -0.001171677968894675, -0.061936262608765155]
[-0.0016448152223816714, -0.013779392513933989, -0.06279622366931382]
[-0.01102666575456472, -0.01975012625109892, -0.04715113579382855]
[-0.013629378273362518, -0.0205008034104755, -0.03597822302647213]
[0.013379304357323426, 0.02130395018378536, -0.03477441781070614]
[0.009509495534027955, 0.018012401787544496, -0.04527680311454412]
[-0.0009238821658564811, 0.011873980172183194, -0.06344324605904601]
[-0.015028765451307236, -0.0011091071785173205, -0.06493930847691426]
[-0.02054039598963479, -0.010637258010157243, -0.04831562475039173]
[-0.020839170450243673, -0.01342080704215284, -0.035711700751084215]
[0.00396394529814087, 0.02637955171369442, -0.029857567374097692]
[-0.000479187985840288, 0.023905465720824744, -0.036808055932073154]
[-0.010750303692373746, 0.017720100238168286, -0.04602655764525367]
[-0.019475753096804597, 0.009342254933384775, -0.046866894287442507]
[-0.02462873622699828, -0.0005066898700594706, -0.03849775221357061]
[-0.024684105228335362, -0.0045907144583489535, -0.030604685606721242]
[-0.0005095083566842954, 0.027503372548198773, -0.02575570932332073]
[-0.004893152325147448, 0.025819929220861834, -0.030091605169365074]
[-0.01333882702538964, 0.02022350227704116, -0.035130983368454084]
[-0.02030918331819386, 0.01268672859676227, -0.03502891530242348]
[-0.02436196866839985, 0.004040175711330038, -0.030138092470452075]
[-0.025025809201351668, -7.302492288915633e-05, -0.025867305305075586]
[0.028740303048675177, -0.0003085140193471945, -0.02559435893400316]
[0.027840512802986016, -0.005623691327919468, -0.03019794219117918]
[0.022188834689189568, -0.014407621632971873, -0.03476794601094976]
[0.013965403583200078, -0.021353660208438336, -0.03452729694298961]
[0.004370450004002819, -0.024669503121954022, -0.029575617325903348]
[-0.0005810408567037471, -0.024072387108797264, -0.025070503418338407]
[0.027047689540194583, 0.004398160515392281, -0.029562304759592144]
[0.025826024784209953, -0.0005470790771275391, -0.03655959329084674]
[0.019218040874911916, -0.011281557137178997, -0.04490304694275568]
[0.009021494792912064, -0.019009046774626424, -0.04491850060281361]
[-0.00029196707453941, -0.023606561639802428, -0.03684371528811803]
[-0.004617392656970485, -0.022934520646209974, -0.02944885409025981]
[0.02072459846198674, 0.012791061295556416, -0.03370102917429413]
[0.01826275657260691, 0.008934202749635654, -0.04349410185566613]
[0.011029666898760993, -0.0014035463769261065, -0.05992910661803475]
[-0.0014877929550843765, -0.013162244383215465, -0.060611746833653925]
[-0.010276621090601505, -0.018524484339311132, -0.045109996854774806]
[-0.0126086958597341, -0.018929804788799222, -0.03432083128188875]
[0.012701812578056648, 0.01987995815681487, -0.03330496674680561]
[0.009048397743761833, 0.01666764395910341, -0.043473604266339796]
[-0.0008926150111424547, 0.011081957293163625, -0.06185388333953212]
[-0.014550713909076788, -0.001141961648089051, -0.06374478169428413]
[-0.0192659750844753, -0.010150599150087924, -0.04632721848321783]
[-0.019204603841705803, -0.012526363765357248, -0.034017383530454776]
[0.0037027155454148683, 0.024745627055701717, -0.02849157041797936]
[-0.0004679348803980248, 0.022250530254470543, -0.035228910825004595]
[-0.01014818708566194, 0.016357944671873834, -0.04416974367630595]
[-0.018305803617725425, 0.008697924340177446, -0.04503350039209233]
[-0.02296786083177141, -0.0004940922133288427, -0.03704113175442207]
[-0.022761456799236406, -0.004300512683988868, -0.02932177425081104]
[-0.0005462422909544498, 0.025710537200268425, -0.024555248600226336]
[-0.00459563046977731, 0.02402429261733405, -0.028727337880081014]
[-0.012436851204360312, 0.018728165230237393, -0.033564367799961733]
[-0.01893075067681678, 0.01171107418132444, -0.03347442876496963]
[-0.022592010390809502, 0.003671535329871171, -0.028896469681851156]
[-0.023069797909888144, -0.00015652738398525714, -0.02488647802553664]
[0.027122510582012663, -0.0004491580882682343, -0.024442658796188024]
[0.02640451964828701, -0.005638368320450852, -0.028858744211895042]
[0.02112400622373101, -0.013686014417026668, -0.03323070159419006]
[0.013242006459746205, -0.019938016864875965, -0.03297119334664155]
[0.004148161375362908, -0.02264279909443162, -0.028268867323786254]
[-0.0006356268261326175, -0.021757132220482908, -0.023963992643665236]
[0.025524342458610957, 0.003922511029885765, -0.02827115303164475]
[0.02452216841408539, -0.0007016345558815483, -0.035155520291826094]
[0.01862201250983977, -0.01085959947114215, -0.04329968224167084]
[0.008446346867692033, -0.01783844271753105, -0.043082120538945806]
[-0.00022684487439383623, -0.021917168925341762, -0.0352980626943048]
[-0.004321910799521069, -0.020812236819775856, -0.028117417713388222]
[0.019596911736082807, 0.011822156043522443, -0.032162459194027854]
[0.017523897699712552, 0.00829604382608892, -0.041943749666821926]
[0.010491003190573835, -0.0016354147849575377, -0.057921950627304354]
[-0.0013307706877870814, -0.012545096252496939, -0.058427269997994025]
[-0.009526576426638289, -0.01729884242752335, -0.04306885791572106]
[-0.01158801344610568, -0.017358806167122945, -0.032663439537305376]
[0.012024320798789866, 0.018455966129844383, -0.031835515682905074]
[0.008587299953495709, 0.015322886130662329, -0.04167040541813548]
[-0.0008613478564284282, 0.010289934414144056, -0.06026452062001823]
[-0.014072662366846341, -0.001174816117660782, -0.06255025491165403]
[-0.017991554179315812, -0.009663940290018604, -0.04433881221604393]
[-0.01757003723316793, -0.011631920488561657, -0.032323066309825337]
[0.003441485792688867, 0.023111702397709016, -0.02712557346186103]
[-0.0004566817749557616, 0.020595594788116345, -0.033649765717936035]
[-0.009546070478950135, 0.014995789105579381, -0.04231292970735823]
[-0.017135854138646257, 0.008053593746970117, -0.04320010649674215]
[-0.021306985436544534, -0.00048149455659821474, -0.03558451129527354]
[-0.020838808370137452, -0.004010310909628784, -0.02803886289490084]
[-0.0005829762252246043, 0.02391770185233808, -0.02335478787713194]
[-0.004298108614407171, 0.022228656013806268, -0.027363070590796956]
[-0.011534875383330987, 0.017232828183433628, -0.03199775223146939]
[-0.0175523180354397, 0.010735419765886609, -0.031919942227515784]
[-0.020822052113219153, 0.0033028949484123038, -0.02765484689325024]
[-0.02111378661842462, -0.00024002984508135795, -0.02390565074599769]
[0.02631361434868141, -0.0005194801227287541, -0.023866808727280454]
[0.025686523070937505, -0.005645706816716544, -0.028189145222252972]
[0.02059159199100173, -0.013325210809054066, -0.032462079385810215]
[0.012880307898019269, -0.019230195193094782, -0.03219314154846752]
[0.004037017061042953, -0.021629447080670418, -0.027615492322727708]
[-0.0006629198108470527, -0.02059950477632573, -0.02341073725632865]
[0.02476266891781914, 0.0036846862871325065, -0.027625577167671053]
[0.02387024022902311, -0.0007789122952585529, -0.034453483792315776]
[0.0183239983273037, -0.010648620638123728, -0.04249799989112842]
[0.008158772905082018, -0.017253140688983367, -0.0421639305070119]
[-0.00019428377432104935, -0.02107247256811143, -0.034525236397398185]
[-0.004174169870796361, -0.0197510949065588, -0.02745169952495243]
[0.01903306837313084, 0.011337703417505457, -0.031393174203894716]
[0.017154468263265374, 0.007976964364315555, -0.04116857357239983]
[0.010221671336480257, -0.0017513489889732536, -0.056918372631939156]
[-0.0012522595541384338, -0.012236522187137677, -0.05733503158016407]
[-0.009151554094656683, -0.016686021471629457, -0.04204828844619418]
[-0.01107767223929147, -0.016573306856284806, -0.03183474366501369]
[0.011685574909156476, 0.017743970116359135, -0.031100790150954804]
[0.008356751058362647, 0.014650507216441788, -0.04076880599403332]
[-0.000845714279071415, 0.009893922974634272, -0.05946983926026129]
[-0.013833636595731117, -0.0011912433524466472, -0.061952991520338965]
[-0.017354343726736065, -0.009420610859983945, -0.04334460908245698]
[-0.016752753928898995, -0.011184698850163861, -0.03147590769951062]
[0.0033108709163258664, 0.022294740068712664, -0.026442574983801863]
[-0.00045105522223462996, 0.019768127054939244, -0.03286019316440175]
[-0.009245012175594232, 0.014314711322432156, -0.04138452272288436]
[-0.016550879399106672, 0.007731428450366454, -0.042283409549067064]
[-0.020476547738931098, -0.0004751957282329008, -0.034856201065699276]
[-0.019877484155587974, -0.0038652100224487417, -0.027397407216945738]
[-0.0006013431923596815, 0.02302128417837291, -0.02275455751558474]
[-0.004149347686722102, 0.021330837712042378, -0.026680936946154924]
[-0.011083887472816323, 0.016485159660031744, -0.031214444447223214]
[-0.01686310171475116, 0.010247592558167694, -0.031142698958788857]
[-0.01993707297442398, 0.0031185747576828703, -0.027034035498949782]
[-0.020135780972692856, -0.0002817810756294083, -0.02341523710622822]

Weights
1.0
0.9682447489960234
0.9364894979920468
0.9364894979920468
0.9682447489960234
1.0
0.9267766952966369
0.8950917024128242
0.8662584946876826
0.8719620650050243
0.9122024133648495
0.9495909765660039
0.8535533905932737
0.8219386558296251
0.7960274913833183
0.8074346320180017
0.8561600777336756
0.8991819531320078
0.8535533905932737
0.8219386558296251
0.7960274913833183
0.8074346320180017
0.8561600777336756
0.8991819531320078
0.9267766952966369
0.8950917024128242
0.8662584946876826
0.8719620650050243
0.9122024133648495
0.9495909765660039
1.0
0.9682447489960234
0.9364894979920468
0.9364894979920468
0.9682447489960234
1.0
1.0
0.9679280294421974
0.9358560588843947
0.9358560588843947
0.9679280294421974
1.0
0.9267766952966369
0.894760138397093
0.8655514508444762
0.8711671895383298
0.9116073544786542
0.9492396500720516
0.8535533905932737
0.8215922473519888
0.7952468428045576
0.8064783201922648
0.855286679515111
0.8984793001441033
0.8535533905932737
0.8215922473519888
0.7952468428045576
0.8064783201922648
0.855286679515111
0.8984793001441033
0.9267766952966369
0.894760138397093
0.8655514508444762
0.8711671895383298
0.9116073544786542
0.9492396500720516
1.0
0.9679280294421974
0.9358560588843947
0.9358560588843947
0.9679280294421974
1.0
1.0
0.9672945903345453
0.9345891806690907
0.9345891806690907
0.9672945903345453
1.0
0.9267766952966369
0.8940970103656307
0.8641373631580634
0.869577438604941
0.9104172367062634
0.9485369970841471
0.8535533905932737
0.8208994303967162
0.7936855456470362
0.8045656965407912
0.8535398830779815
0.8970739941682941
0.8535533905932737
0.8208994303967162
0.7936855456470362
0.8045656965407912
0.8535398830779815
0.8970739941682941
0.9267766952966369
0.8940970103656307
0.8641373631580634
0.869577438604941
0.9104172367062634
0.9485369970841471
1.0
0.9672945903345453
0.9345891806690907
0.9345891806690907
0.9672945903345453
1.0
1.0
0.9666611512268932
0.9333223024537864
0.9333223024537864
0.9666611512268932
1.0
0.9267766952966369
0.8934338823341683
0.8627232754716506
0.867987687671552
0.9092271189338726
0.9478343440962426
0.8535533905932737
0.8202066134414435
0.7921242484895148
0.8026530728893175
0.8517930866408521
0.8956686881924851
0.8535533905932737
0.8202066134414435
0.7921242484895148
0.8026530728893175
0.8517930866408521
0.8956686881924851
0.9267766952966369
0.8934338823341683
0.8627232754716506
0.867987687671552
0.9092271189338726
0.9478343440962426
1.0
0.9666611512268932
0.9333223024537864
0.9333223024537864
0.9666611512268932
1.0
1.0
0.9660277121192412
0.9320554242384824
0.9320554242384824
0.9660277121192412
1.0
0.9267766952966369
0.892770754302706
0.8613091877852379
0.8663979367381631
0.9080370011614819
0.9471316911083381
0.8535533905932737
0.819513796486171
0.7905629513319934
0.8007404492378439
0.8500462902037226
0.894263382216676
0.8535533905932737
0.819513796486171
0.7905629513319934
0.8007404492378439
0.8500462902037226
0.894263382216676
0.9267766952966369
0.892770754302706
0.8613091877852379
0.8663979367381631
0.9080370011614819
0.9471316911083381
1.0
0.9660277121192412
0.9320554242384824
0.9320554242384824
0.9660277121192412
1.0
1.0
0.9657109925654151
0.9314219851308303
0.9314219851308303
0.9657109925654151
1.0
0.9267766952966369
0.8924391902869748
0.8606021439420315
0.8656030612714687
0.9074419422752865
0.9467803646143857
0.8535533905932737
0.8191673880085346
0.7897823027532327
0.7997841374121071
0.8491728919851579
0.8935607292287715
0.8535533905932737
0.8191673880085346
0.7897823027532327
0.7997841374121071
0.8491728919851579
0.8935607292287715
0.9267766952966369
0.8924391902869748
0.8606021439420315
0.8656030612714687
0.9074419422752865
0.9467803646143857
1.0
0.9657109925654151
0.9314219851308303
0.9314219851308303
0.9657109925654151
1.0
1.0
0.9682447489960234
0.9364894979920468
0.9364894979920468
0.9682447489960234
1.0
0.9267766952966369
0.8950917024128231
0.8662584946876801
0.8719620650050217
0.9122024133648479
0.9495909765660032
0.8535533905932737
0.8219386558296229
0.7960274913833135
0.8074346320179966
0.8561600777336723
0.8991819531320064
0.8535533905932737
0.8219386558296229
0.7960274913833135
0.8074346320179966
0.8561600777336723
0.8991819531320064
0.9267766952966369
0.8950917024128231
0.8662584946876801
0.8719620650050217
0.9122024133648479
0.9495909765660032
1.0
0.9682447489960234
0.9364894979920468
0.9364894979920468
0.9682447489960234
1.0
1.0
0.9679280294421974
0.9358560588843947
0.9358560588843947
0.9679280294421974
1.0
0.9267766952966369
0.8947601383970922
0.8655514508444743
0.8711671895383278
0.9116073544786528
0.949239650072051
0.8535533905932737
0.8215922473519871
0.7952468428045538
0.8064783201922608
0.8552866795151082
0.898479300144102
0.8535533905932737
0.8215922473519871
0.7952468428045538
0.8064783201922608
0.8552866795151082
0.898479300144102
0.9267766952966369
0.8947601383970922
0.8655514508444743
0.8711671895383278
0.9116073544786528
0.949239650072051
1.0
0.9679280294421974
0.9358560588843947
0.9358560588843947
0.9679280294421974
1.0
1.0
0.9672945903345453
0.9345891806690907
0.9345891806690907
0.9672945903345453
1.0
0.9267766952966369
0.8940970103656303
0.8641373631580626
0.86957743860494
0.9104172367062626
0.9485369970841466
0.8535533905932737
0.8208994303967154
0.7936855456470345
0.8045656965407894
0.8535398830779799
0.8970739941682931
0.8535533905932737
0.8208994303967154
0.7936855456470345
0.8045656965407894
0.8535398830779799
0.8970739941682931
0.9267766952966369
0.8940970103656303
0.8641373631580626
0.86957743860494
0.9104172367062626
0.9485369970841466
1.0
0.9672945903345453
0.9345891806690907
0.9345891806690907
0.9672945903345453
1.0
1.0
0.9666611512268932
0.9333223024537864
0.9333223024537864
0.9666611512268932
1.0
0.9267766952966369
0.8934338823341685
0.8627232754716508
0.8679876876715522
0.9092271189338725
0.9478343440962421
0.8535533905932737
0.8202066134414439
0.7921242484895151
0.8026530728893178
0.8517930866408517
0.8956686881924844
0.8535533905932737
0.8202066134414439
0.7921242484895151
0.8026530728893178
0.8517930866408517
0.8956686881924844
0.9267766952966369
0.8934338823341685
0.8627232754716508
0.8679876876715522
0.9092271189338725
0.9478343440962421
1.0
0.9666611512268932
0.9333223024537864
0.9333223024537864
0.9666611512268932
1.0
1.0
0.9660277121192412
0.9320554242384824
0.9320554242384824
0.9660277121192412
1.0
0.9267766952966369
0.8927707543027066
0.8613091877852391
0.8663979367381643
0.9080370011614823
0.9471316911083377
0.8535533905932737
0.8195137964861722
0.7905629513319958
0.8007404492378463
0.8500462902037235
0.8942633822166755
0.8535533905932737
0.8195137964861722
0.7905629513319958
0.8007404492378463
0.8500462902037235
0.8942633822166755
0.9267766952966369
0.8927707543027066
0.8613091877852391
0.8663979367381643
0.9080370011614823
0.9471316911083377
1.0
0.9660277121192412
0.9320554242384824
0.9320554242384824
0.9660277121192412
1.0
1.0
0.9657109925654151
0.9314219851308303
0.9314219851308303
0.9657109925654151
1.0
0.9267766952966369
0.8924391902869757
0.8606021439420333
0.8656030612714705
0.9074419422752873
0.9467803646143855
0.8535533905932737
0.8191673880085364
0.7897823027532361
0.7997841374121105
0.8491728919851593
0.8935607292287711
0.8535533905932737
0.8191673880085364
0.7897823027532361
0.7997841374121105
0.8491728919851593
0.8935607292287711
0.9267766952966369
0.8924391902869757
0.8606021439420333
0.8656030612714705
0.9074419422752873
0.9467803646143855
1.0
0.9657109925654151
0.9314219851308303
0.9314219851308303
0.9657109925654151
1.0
1.0
0.9682447489960234
0.9364894979920468
0.9364894979920468
0.9682447489960234
1.0
0.9267766952966369
0.8950917024128238
0.8662584946876816
0.8719620650050233
0.9122024133648488
0.9495909765660036
0.8535533905932737
0.8219386558296242
0.7960274913833163
0.8074346320179996
0.8561600777336742
0.8991819531320071
0.8535533905932737
0.8219386558296242
0.7960274913833163
0.8074346320179996
0.8561600777336742
0.8991819531320071
0.9267766952966369
0.8950917024128238
0.8662584946876816
0.8719620650050233
0.9122024133648488
0.9495909765660036
1.0
0.9682447489960234
0.9364894979920468
0.9364894979920468
0.9682447489960234
1.0
1.0
0.9679280294421974
0.9358560588843947
0.9358560588843947
0.9679280294421974
1.0
0.9267766952966369
0.8947601383970928
0.8655514508444756
0.8711671895383293
0.9116073544786537
0.9492396500720515
0.8535533905932737
0.8215922473519883
0.7952468428045565
0.8064783201922637
0.8552866795151102
0.8984793001441029
0.8535533905932737
0.8215922473519883
0.7952468428045565
0.8064783201922637
0.8552866795151102
0.8984793001441029
0.9267766952966369
0.8947601383970928
0.8655514508444756
0.8711671895383293
0.9116073544786537
0.9492396500720515
1.0
0.9679280294421974
0.9358560588843947
0.9358560588843947
0.9679280294421974
1.0
1.0
0.9672945903345453
0.9345891806690907
0.9345891806690907
0.9672945903345453
1.0
0.9267766952966369
0.8940970103656308
0.8641373631580637
0.8695774386049413
0.9104172367062637
0.9485369970841473
0.8535533905932737
0.8208994303967164
0.7936855456470366
0.8045656965407919
0.8535398830779821
0.8970739941682947
0.8535533905932737
0.8208994303967164
0.7936855456470366
0.8045656965407919
0.8535398830779821
0.8970739941682947
0.9267766952966369
0.8940970103656308
0.8641373631580637
0.8695774386049413
0.9104172367062637
0.9485369970841473
1.0
0.9672945903345453
0.9345891806690907
0.9345891806690907
0.9672945903345453
1.0
1.0
0.9666611512268932
0.9333223024537864
0.9333223024537864
0.9666611512268932
1.0
0.9267766952966369
0.8934338823341689
0.8627232754716517
0.8679876876715533
0.9092271189338736
0.9478343440962432
0.8535533905932737
0.8202066134414446
0.792124248489517
0.8026530728893201
0.8517930866408541
0.8956686881924864
0.8535533905932737
0.8202066134414446
0.792124248489517
0.8026530728893201
0.8517930866408541
0.8956686881924864
0.9267766952966369
0.8934338823341689
0.8627232754716517
0.8679876876715533
0.9092271189338736
0.9478343440962432
1.0
0.9666611512268932
0.9333223024537864
0.9333223024537864
0.9666611512268932
1.0
1.0
0.9660277121192412
0.9320554242384824
0.9320554242384824
0.9660277121192412
1.0
0.9267766952966369
0.8927707543027069
0.8613091877852398
0.8663979367381653
0.9080370011614837
0.9471316911083391
0.8535533905932737
0.8195137964861727
0.7905629513319972
0.8007404492378483
0.850046290203726
0.8942633822166781
0.8535533905932737
0.8195137964861727
0.7905629513319972
0.8007404492378483
0.850046290203726
0.8942633822166781
0.9267766952966369
0.8927707543027069
0.8613091877852398
0.8663979367381653
0.9080370011614837
0.9471316911083391
1.0
0.9660277121192412
0.9320554242384824
0.9320554242384824
0.9660277121192412
1.0
1.0
0.9657109925654151
0.9314219851308303
0.9314219851308303
0.9657109925654151
1.0
0.9267766952966369
0.8924391902869759
0.8606021439420338
0.8656030612714714
0.9074419422752886
0.946780364614387
0.8535533905932737
0.8191673880085368
0.7897823027532374
0.7997841374121124
0.849172891985162
0.8935607292287739
0.8535533905932737
0.8191673880085368
0.7897823027532374
0.7997841374121124
0.849172891985162
0.8935607292287739
0.9267766952966369
0.8924391902869759
0.8606021439420338
0.8656030612714714
0.9074419422752886
0.946780364614387
1.0
0.9657109925654151
0.9314219851308303
0.9314219851308303
0.9657109925654151
1.0
1.0
0.9682447489960234
0.9364894979920468
0.9364894979920468
0.9682447489960234
1.0
0.9267766952966369
0.8950917024128249
0.8662584946876837
0.8719620650050254
0.9122024133648501
0.949590976566004
0.8535533905932737
0.8219386558296262
0.7960274913833204
0.8074346320180039
0.8561600777336769
0.899181953132008
0.8535533905932737
0.8219386558296262
0.7960274913833204
0.8074346320180039
0.8561600777336769
0.899181953132008
0.9267766952966369
0.8950917024128249
0.8662584946876837
0.8719620650050254
0.9122024133648501
0.949590976566004
1.0
0.9682447489960234
0.9364894979920468
0.9364894979920468
0.9682447489960234
1.0
1.0
0.9679280294421974
0.9358560588843947
0.9358560588843947
0.9679280294421974
1.0
0.9267766952966369
0.8947601383970937
0.8655514508444772
0.8711671895383308
0.9116073544786547
0.9492396500720519
0.8535533905932737
0.8215922473519898
0.7952468428045595
0.806478320192267
0.8552866795151122
0.8984793001441037
0.8535533905932737
0.8215922473519898
0.7952468428045595
0.806478320192267
0.8552866795151122
0.8984793001441037
0.9267766952966369
0.8947601383970937
0.8655514508444772
0.8711671895383308
0.9116073544786547
0.9492396500720519
1.0
0.9679280294421974
0.9358560588843947
0.9358560588843947
0.9679280294421974
1.0
1.0
0.9672945903345453
0.9345891806690907
0.9345891806690907
0.9672945903345453
1.0
0.9267766952966369
0.8940970103656312
0.8641373631580642
0.8695774386049419
0.9104172367062642
0.9485369970841476
0.8535533905932737
0.8208994303967169
0.7936855456470377
0.804565696540793
0.853539883077983
0.8970739941682953
0.8535533905932737
0.8208994303967169
0.7936855456470377
0.804565696540793
0.853539883077983
0.8970739941682953
0.9267766952966369
0.8940970103656312
0.8641373631580642
0.8695774386049419
0.9104172367062642
0.9485369970841476
1.0
0.9672945903345453
0.9345891806690907
0.9345891806690907
0.9672945903345453
1.0
1.0
0.9666611512268932
0.9333223024537864
0.9333223024537864
0.9666611512268932
1.0
0.9267766952966369
0.8934338823341686
0.8627232754716512
0.8679876876715528
0.9092271189338734
0.9478343440962433
0.8535533905932737
0.8202066134414441
0.7921242484895159
0.8026530728893191
0.8517930866408536
0.8956686881924867
0.8535533905932737
0.8202066134414441
0.7921242484895159
0.8026530728893191
0.8517930866408536
0.8956686881924867
0.9267766952966369
0.8934338823341686
0.8627232754716512
0.8679876876715528
0.9092271189338734
0.9478343440962433
1.0
0.9666611512268932
0.9333223024537864
0.9333223024537864
0.9666611512268932
1.0
1.0
0.9660277121192412
0.9320554242384824
0.9320554242384824
0.9660277121192412
1.0
0.9267766952966369
0.8927707543027061
0.8613091877852382
0.8663979367381638
0.9080370011614829
0.9471316911083391
0.8535533905932737
0.8195137964861712
0.7905629513319942
0.8007404492378452
0.8500462902037245
0.8942633822166782
0.8535533905932737
0.8195137964861712
0.7905629513319942
0.8007404492378452
0.8500462902037245
0.8942633822166782
0.9267766952966369
0.8927707543027061
0.8613091877852382
0.8663979367381638
0.9080370011614829
0.9471316911083391
1.0
0.9660277121192412
0.9320554242384824
0.9320554242384824
0.9660277121192412
1.0
1.0
0.9657109925654151
0.9314219851308303
0.9314219851308303
0.9657109925654151
1.0
0.9267766952966369
0.8924391902869749
0.8606021439420317
0.8656030612714692
0.9074419422752875
0.946780364614387
0.8535533905932737
0.8191673880085347
0.7897823027532332
0.7997841374121082
0.8491728919851598
0.8935607292287739
0.8535533905932737
0.8191673880085347
0.7897823027532332
0.7997841374121082
0.8491728919851598
0.8935607292287739
0.9267766952966369
0.8924391902869749
0.8606021439420317
0.8656030612714692
0.9074419422752875
0.946780364614387
1.0
0.9657109925654151
0.9314219851308303
0.9314219851308303
0.9657109925654151
1.0
1.0
0.949590976566004
0.899181953132008
0.899181953132008
0.949590976566004
1.0
0.9495909765660039
0.8857861513790596
0.8219813261921152
0.8219813261921152
0.8857861513790594
0.9495909765660036
0.8991819531320078
0.8219813261921151
0.7447806992522223
0.7447806992522221
0.8219813261921146
0.8991819531320071
0.8991819531320078
0.8219813261921148
0.7447806992522219
0.7447806992522218
0.8219813261921144
0.8991819531320071
0.9495909765660039
0.885786151379059
0.8219813261921141
0.8219813261921141
0.8857861513790588
0.9495909765660036
1.0
0.9495909765660032
0.8991819531320064
0.8991819531320064
0.9495909765660032
1.0
1.0
0.9492396500720519
0.8984793001441037
0.8984793001441037
0.9492396500720519
1.0
0.9492396500720516
0.884796139201367
0.8203526283306823
0.8203526283306825
0.8847961392013669
0.9492396500720515
0.8984793001441033
0.8203526283306821
0.742225956517261
0.7422259565172609
0.8203526283306819
0.8984793001441029
0.8984793001441033
0.8203526283306819
0.7422259565172605
0.7422259565172604
0.8203526283306817
0.8984793001441029
0.9492396500720516
0.8847961392013665
0.8203526283306811
0.8203526283306812
0.8847961392013663
0.9492396500720515
1.0
0.949239650072051
0.898479300144102
0.898479300144102
0.949239650072051
1.0
1.0
0.9485369970841476
0.8970739941682953
0.8970739941682953
0.9485369970841476
1.0
0.9485369970841471
0.8828161148459819
0.8170952326078168
0.8170952326078169
0.8828161148459821
0.9485369970841473
0.8970739941682941
0.8170952326078161
0.7371164710473382
0.7371164710473384
0.8170952326078165
0.8970739941682947
0.8970739941682941
0.8170952326078159
0.7371164710473377
0.7371164710473379
0.8170952326078162
0.8970739941682947
0.9485369970841471
0.8828161148459812
0.8170952326078152
0.8170952326078154
0.8828161148459814
0.9485369970841473
1.0
0.9485369970841466
0.8970739941682931
0.8970739941682931
0.9485369970841466
1.0
1.0
0.9478343440962433
0.8956686881924867
0.8956686881924867
0.9478343440962433
1.0
0.9478343440962426
0.8808360904905969
0.8138378368849511
0.8138378368849514
0.8808360904905973
0.9478343440962432
0.8956686881924851
0.8138378368849501
0.7320069855774155
0.7320069855774157
0.8138378368849511
0.8956686881924864
0.8956686881924851
0.8138378368849499
0.7320069855774148
0.7320069855774152
0.8138378368849509
0.8956686881924864
0.9478343440962426
0.880836090490596
0.8138378368849495
0.8138378368849497
0.8808360904905964
0.9478343440962432
1.0
0.9478343440962421
0.8956686881924844
0.8956686881924844
0.9478343440962421
1.0
1.0
0.9471316911083391
0.8942633822166782
0.8942633822166782
0.9471316911083391
1.0
0.9471316911083381
0.8788560661352117
0.8105804411620856
0.8105804411620858
0.8788560661352125
0.9471316911083391
0.894263382216676
0.8105804411620842
0.7268975001074928
0.7268975001074932
0.8105804411620857
0.8942633822166781
0.894263382216676
0.8105804411620839
0.726897500107492
0.7268975001074927
0.8105804411620855
0.8942633822166781
0.9471316911083381
0.8788560661352107
0.8105804411620836
0.8105804411620838
0.8788560661352115
0.9471316911083391
1.0
0.9471316911083377
0.8942633822166755
0.8942633822166755
0.9471316911083377
1.0
1.0
0.946780364614387
0.8935607292287739
0.8935607292287739
0.946780364614387
1.0
0.9467803646143857
0.8778660539575192
0.8089517433006528
0.8089517433006531
0.87786605395752
0.946780364614387
0.8935607292287715
0.8089517433006512
0.7243427573725314
0.724342757372532
0.808951743300653
0.8935607292287739
0.8935607292287715
0.808951743300651
0.7243427573725306
0.7243427573725313
0.8089517433006528
0.8935607292287739
0.9467803646143857
0.8778660539575182
0.8089517433006507
0.808951743300651
0.877866053957519
0.946780364614387
1.0
0.9467803646143855
0.8935607292287711
0.8935607292287711
0.9467803646143855
1.0

Patch vertices
[0.024925335284357, 8.926741151109771e-05, 0.02793916926042667]
[0.03278478421533145, 4.3096152955404976e-05, -0.028473609278541003]
[-1.589182050635177e-05, 0.02536898839626393, 0.027899217565930782]
[-0.0004544074552790636, 0.03019262557009429, -0.027556400407962325]
[-0.02723316240731981, -0.0004070139167427434, 0.02570969505309494]
[-0.027959826138546955, 5.2228768754994885e-05, -0.027338546224384006]
[0.00018247211501742723, -0.02632435753124413, 0.02582882522787687]
[-0.00044457593313157126, -0.02986052432958315, -0.02783678035502133]
[0.01793170523014234, 0.00024815390147282166, 0.027649297448337773]
[0.02631361434868141, -0.0005194801227287541, -0.023866808727280454]
[-0.00025403477168100457, 0.015997290553266916, 0.027512256152051256]
[-0.0006013431923596815, 0.02302128417837291, -0.02275455751558474]
[-0.018888849246608986, 9.87154960853349e-05, 0.02608351079844881]
[-0.020135780972692856, -0.0002817810756294083, -0.02341523710622822]
[0.0001935040803304822, -0.022577581681602975, 0.025979965340842025]
[-0.0006629198108470527, -0.02059950477632573, -0.02341073725632865]

Patch connectivity
[0, 1, 2, 3, 8, 9, 10, 11]
[2, 3, 4, 5, 10, 11, 12, 13]
[6, 7, 4, 5, 14, 15, 12, 13]
[0, 1, 6, 7, 8, 9, 14, 15]
[1, 7, 3, 5, 9, 15, 11, 13]

Number of elements per boundary
(0, 1):4
(2, 3):4
(0, 2):4
(1, 3):4
(4, 5):4
(2, 4):4
(3, 5):4
(6, 7):4
(6, 4):4
(7, 5):4
(0, 6):4
(1, 7):4
(8, 9):4
(10, 11):4
(8, 10):4
(9, 11):4
(12, 13):4
(10, 12):4
(11, 13):4
(14, 15):4
(14, 12):4
(15, 13):4
(8, 14):4
(9, 15):4
(0, 8):4
(1, 9):4
(2, 10):4
(3, 11):4
(4, 12):4
(5, 13):4
(6, 14):4
(7, 15):4


Knot values per boundary
(0, 1):[0.0, 0.25, 0.5, 0.75, 1]
(2, 3):[0.0, 0.25, 0.5, 0.75, 1]
(0, 2):[0.0, 0.25, 0.5, 0.75, 1]
(1, 3):[0.0, 0.25, 0.5, 0.75, 1]
(4, 5):[0.0, 0.25, 0.5, 0.75, 1]
(2, 4):[0.0, 0.25, 0.5, 0.75, 1]
(3, 5):[0.0, 0.25, 0.5, 0.75, 1]
(6, 7):[0.0, 0.25, 0.5, 0.75, 1]
(6, 4):[0.0, 0.25, 0.5, 0.75, 1]
(7, 5):[0.0, 0.25, 0.5, 0.75, 1]
(0, 6):[0.0, 0.25, 0.5, 0.75, 1]
(1, 7):[0.0, 0.25, 0.5, 0.75, 1]
(8, 9):[0.0, 0.25, 0.5, 0.75, 1]
(10, 11):[0.0, 0.25, 0.5, 0.75, 1]
(8, 10):[0.0, 0.25, 0.5, 0.75, 1]
(9, 11):[0.0, 0.25, 0.5, 0.75, 1]
(12, 13):[0.0, 0.25, 0.5, 0.75, 1]
(10, 12):[0.0, 0.25, 0.5, 0.75, 1]
(11, 13):[0.0, 0.25, 0.5, 0.75, 1]
(14, 15):[0.0, 0.25, 0.5, 0.75, 1]
(14, 12):[0.0, 0.25, 0.5, 0.75, 1]
(15, 13):[0.0, 0.25, 0.5, 0.75, 1]
(8, 14):[0.0, 0.25, 0.5, 0.75, 1]
(9, 15):[0.0, 0.25, 0.5, 0.75, 1]
(0, 8):[0.0, 0.25, 0.5, 0.75, 1]
(1, 9):[0.0, 0.25, 0.5, 0.75, 1]
(2, 10):[0.0, 0.25, 0.5, 0.75, 1]
(3, 11):[0.0, 0.25, 0.5, 0.75, 1]
(4, 12):[0.0, 0.25, 0.5, 0.75, 1]
(5, 13):[0.0, 0.25, 0.5, 0.75, 1]
(6, 14):[0.0, 0.25, 0.5, 0.75, 1]
(7, 15):[0.0, 0.25, 0.5, 0.75, 1]


Knot multiplicity per boundary
(0, 1):[3, 1, 1, 1, 3]
(2, 3):[3, 1, 1, 1, 3]
(0, 2):[3, 1, 1, 1, 3]
(1, 3):[3, 1, 1, 1, 3]
(4, 5):[3, 1, 1, 1, 3]
(2, 4):[3, 1, 1, 1, 3]
(3, 5):[3, 1, 1, 1, 3]
(6, 7):[3, 1, 1, 1, 3]
(6, 4):[3, 1, 1, 1, 3]
(7, 5):[3, 1, 1, 1, 3]
(0, 6):[3, 1, 1, 1, 3]
(1, 7):[3, 1, 1, 1, 3]
(8, 9):[3, 1, 1, 1, 3]
(10, 11):[3, 1, 1, 1, 3]
(8, 10):[3, 1, 1, 1, 3]
(9, 11):[3, 1, 1, 1, 3]
(12, 13):[3, 1, 1, 1, 3]
(10, 12):[3, 1, 1, 1, 3]
(11, 13):[3, 1, 1, 1, 3]
(14, 15):[3, 1, 1, 1, 3]
(14, 12):[3, 1, 1, 1, 3]
(15, 13):[3, 1, 1, 1, 3]
(8, 14):[3, 1, 1, 1, 3]
(9, 15):[3, 1, 1, 1, 3]
(0, 8):[3, 1, 1, 1, 3]
(1, 9):[3, 1, 1, 1, 3]
(2, 10):[3, 1, 1, 1, 3]
(3, 11):[3, 1, 1, 1, 3]
(4, 12):[3, 1, 1, 1, 3]
(5, 13):[3, 1, 1, 1, 3]
(6, 14):[3, 1, 1, 1, 3]
(7, 15):[3, 1, 1, 1, 3]


