Ventricle multipatch geometry data

Control points
[0.013935392857612295, 0.0, 0.024]
[0.018928335913831543, 0.0, 0.0010120192814997869]
[0.014248886402427741, 0.0, -0.022493103980393118]
[0.013935392857612295, 0.013935392857612295, 0.024]
[0.021033628671737217, 0.021033628671737224, -0.010098935585578903]
[0.011499194609097818, 0.011499194609097829, -0.03630495362629094]
[8.532967128967892e-19, 0.013935392857612295, 0.024]
[1.159026299502984e-18, 0.018928335913831543, 0.0010120192814997869]
[8.724926562073687e-19, 0.014248886402427741, -0.022493103980393118]
[8.532967128967892e-19, 0.013935392857612295, 0.024]
[1.159026299502984e-18, 0.018928335913831543, 0.0010120192814997869]
[8.724926562073687e-19, 0.014248886402427741, -0.022493103980393118]
[-0.013935392857612295, 0.013935392857612295, 0.024]
[-0.02103362867173697, 0.021033628671736967, -0.0100989355855787]
[-0.011499194609097815, 0.01149919460909784, -0.036304953626290944]
[-0.013935392857612295, 1.7065934257935785e-18, 0.024]
[-0.018928335913831543, 2.318052599005968e-18, 0.0010120192814997869]
[-0.014248886402427741, 1.7449853124147374e-18, -0.022493103980393118]
[-2.5598901386903672e-18, -0.013935392857612295, 0.024]
[-3.477078898508952e-18, -0.018928335913831543, 0.0010120192814997869]
[-2.617477968622106e-18, -0.014248886402427741, -0.022493103980393118]
[-0.013935392857612295, -0.013935392857612292, 0.024]
[-0.02103362867173694, -0.02103362867173694, -0.01009893558557836]
[-0.01149919460909781, -0.011499194609097815, -0.0363049536262909]
[-0.013935392857612295, 1.7065934257935785e-18, 0.024]
[-0.018928335913831543, 2.318052599005968e-18, 0.0010120192814997869]
[-0.014248886402427741, 1.7449853124147374e-18, -0.022493103980393118]
[0.013935392857612295, 0.0, 0.024]
[0.018928335913831543, 0.0, 0.0010120192814997869]
[0.014248886402427741, 0.0, -0.022493103980393118]
[0.013935392857612292, -0.013935392857612295, 0.024]
[0.02103362867173723, -0.02103362867173722, -0.0100989355855787]
[0.011499194609097823, -0.0114991946090978, -0.036304953626290916]
[-2.5598901386903672e-18, -0.013935392857612295, 0.024]
[-3.477078898508952e-18, -0.018928335913831543, 0.0010120192814997869]
[-2.617477968622106e-18, -0.014248886402427741, -0.022493103980393118]
[0.014248886402427741, 0.0, -0.022493103980393118]
[0.01149919460909782, -0.011499194609097799, -0.0363049536262909]
[-2.617477968622106e-18, -0.014248886402427741, -0.022493103980393118]
[0.011499194609097818, 0.011499194609097829, -0.03630495362629094]
[-1.1505680115302516e-16, 4.490021508410738e-17, -0.16596516601403366]
[-0.01149919460909781, -0.011499194609097815, -0.0363049536262909]
[8.724926562073687e-19, 0.014248886402427741, -0.022493103980393118]
[-0.011499194609097815, 0.011499194609097842, -0.03630495362629094]
[-0.014248886402427741, 1.7449853124147374e-18, -0.022493103980393118]

Weights
1.0
0.8628439702616606
1.0
0.7071067811865476
0.5691747902469735
0.787121458457543
1.0
0.8628439702616606
1.0
1.0
0.8628439702616606
1.0
0.7071067811865476
0.5691747902469881
0.787121458457542
1.0
0.8628439702616606
1.0
1.0
0.8628439702616606
1.0
0.7071067811865476
0.5691747902469915
0.7871214584575478
1.0
0.8628439702616606
1.0
1.0
0.8628439702616606
1.0
0.7071067811865476
0.5691747902469746
0.7871214584575478
1.0
0.8628439702616606
1.0
1.0
0.7871214584575479
1.0
0.787121458457543
0.32312811257503493
0.7871214584575478
1.0
0.7871214584575421
1.0

Patch vertices
[0.013935392857612293, 0.0, 0.024]
[0.01424888640242774, 0.0, -0.022493103980393118]
[8.532967128967891e-19, 0.013935392857612293, 0.024]
[8.724926562073687e-19, 0.01424888640242774, -0.022493103980393118]
[-0.013935392857612293, 1.7065934257935783e-18, 0.024]
[-0.01424888640242774, 1.7449853124147374e-18, -0.022493103980393118]
[-2.5598901386903672e-18, -0.013935392857612293, 0.024]
[-2.617477968622106e-18, -0.01424888640242774, -0.022493103980393118]

Patch connectivity
[0, 1, 2, 3]
[2, 3, 4, 5]
[6, 7, 4, 5]
[0, 1, 6, 7]
[1, 7, 3, 5]

Number of elements per boundary
(0, 1):1
(0, 2):1
(0, 6):1
(1, 3):1
(1, 7):1
(2, 3):1
(2, 4):1
(3, 5):1
(4, 5):1
(6, 4):1
(6, 7):1
(7, 5):1


Knot values per boundary
(0, 1):[0.0, 1]
(0, 2):[0.0, 1]
(0, 6):[0.0, 1]
(1, 3):[0.0, 1]
(1, 7):[0.0, 1]
(2, 3):[0.0, 1]
(2, 4):[0.0, 1]
(3, 5):[0.0, 1]
(4, 5):[0.0, 1]
(6, 4):[0.0, 1]
(6, 7):[0.0, 1]
(7, 5):[0.0, 1]


Knot multiplicity per boundary
(0, 1):[3, 3]
(0, 2):[3, 3]
(0, 6):[3, 3]
(1, 3):[3, 3]
(1, 7):[3, 3]
(2, 3):[3, 3]
(2, 4):[3, 3]
(3, 5):[3, 3]
(4, 5):[3, 3]
(6, 4):[3, 3]
(6, 7):[3, 3]
(7, 5):[3, 3]


