Ventricle multipatch geometry data

Control points
[0.028085996810042455, 0.0, 0.024]
[0.036003607868759925, 0.0, -0.002577091150577244]
[0.026790159871775434, 0.0, -0.027927963505154998]
[0.02808599681004246, 0.02808599681004246, 0.024]
[0.039501261930116396, 0.03950126193011635, -0.016073241658009586]
[0.021015683571915647, 0.0210156835719156, -0.043816479382095486]
[1.7197713047140634e-18, 0.028085996810042455, 0.024]
[2.2045851567116656e-18, 0.036003607868759925, -0.002577091150577244]
[1.6404241767807826e-18, 0.026790159871775434, -0.027927963505154998]
[1.7197713047140634e-18, 0.028085996810042455, 0.024]
[2.2045851567116656e-18, 0.036003607868759925, -0.002577091150577244]
[1.6404241767807826e-18, 0.026790159871775434, -0.027927963505154998]
[-0.02808599681004246, 0.02808599681004246, 0.024]
[-0.03950126193011686, 0.039501261930116854, -0.016073241658009947]
[-0.021015683571915633, 0.02101568357191563, -0.043816479382095506]
[-0.028085996810042455, 3.4395426094281267e-18, 0.024]
[-0.036003607868759925, 4.409170313423331e-18, -0.002577091150577244]
[-0.026790159871775434, 3.280848353561565e-18, -0.027927963505154998]
[-5.1593139141421895e-18, -0.028085996810042455, 0.024]
[-6.613755470134993e-18, -0.036003607868759925, -0.002577091150577244]
[-4.921272530342347e-18, -0.026790159871775434, -0.027927963505154998]
[-0.02808599681004246, -0.028085996810042452, 0.024]
[-0.039501261930116605, -0.03950126193011658, -0.016073241658009534]
[-0.021015683571915633, -0.02101568357191562, -0.0438164793820955]
[-0.028085996810042455, 3.4395426094281267e-18, 0.024]
[-0.036003607868759925, 4.409170313423331e-18, -0.002577091150577244]
[-0.026790159871775434, 3.280848353561565e-18, -0.027927963505154998]
[0.028085996810042455, 0.0, 0.024]
[0.036003607868759925, 0.0, -0.002577091150577244]
[0.026790159871775434, 0.0, -0.027927963505154998]
[0.028085996810042452, -0.02808599681004246, 0.024]
[0.039501261930116105, -0.03950126193011614, -0.016073241658009326]
[0.02101568357191559, -0.021015683571915654, -0.04381647938209548]
[-5.1593139141421895e-18, -0.028085996810042455, 0.024]
[-6.613755470134993e-18, -0.036003607868759925, -0.002577091150577244]
[-4.921272530342347e-18, -0.026790159871775434, -0.027927963505154998]
[0.026790159871775434, 0.0, -0.027927963505154998]
[0.021015683571915595, -0.021015683571915654, -0.04381647938209548]
[-4.921272530342347e-18, -0.026790159871775434, -0.027927963505154998]
[0.021015683571915647, 0.0210156835719156, -0.043816479382095486]
[-1.1416827426702245e-16, 2.2833654853404494e-17, -0.15908482652428313]
[-0.021015683571915633, -0.02101568357191562, -0.0438164793820955]
[1.6404241767807826e-18, 0.026790159871775434, -0.027927963505154998]
[-0.021015683571915633, 0.02101568357191563, -0.043816479382095506]
[-0.026790159871775434, 3.280848353561565e-18, -0.027927963505154998]

Weights
1.0
0.8729789959840937
1.0
0.7071067811865476
0.5812099070932646
0.7983639062640155
1.0
0.8729789959840937
1.0
1.0
0.8729789959840937
1.0
0.7071067811865476
0.5812099070932464
0.7983639062640129
1.0
0.8729789959840937
1.0
1.0
0.8729789959840937
1.0
0.7071067811865476
0.5812099070932573
0.7983639062640142
1.0
0.8729789959840937
1.0
1.0
0.8729789959840937
1.0
0.7071067811865476
0.5812099070932732
0.7983639062640161
1.0
0.8729789959840937
1.0
1.0
0.798363906264016
1.0
0.7983639062640155
0.38239498448085874
0.7983639062640142
1.0
0.7983639062640129
1.0

Patch vertices
[0.028085996810042455, 0.0, 0.024]
[0.026790159871775434, 0.0, -0.027927963505154998]
[1.7197713047140634e-18, 0.028085996810042455, 0.024]
[1.6404241767807826e-18, 0.026790159871775434, -0.027927963505154998]
[-0.028085996810042455, 3.4395426094281267e-18, 0.024]
[-0.026790159871775434, 3.280848353561565e-18, -0.027927963505154998]
[-5.1593139141421895e-18, -0.028085996810042455, 0.024]
[-4.921272530342347e-18, -0.026790159871775434, -0.027927963505154998]

Patch connectivity
[0, 1, 2, 3]
[2, 3, 4, 5]
[6, 7, 4, 5]
[0, 1, 6, 7]
[1, 7, 3, 5]

Number of elements per boundary
(0, 1):1
(0, 2):1
(0, 6):1
(1, 3):1
(1, 7):1
(2, 3):1
(2, 4):1
(3, 5):1
(4, 5):1
(6, 4):1
(6, 7):1
(7, 5):1


Knot values per boundary
(0, 1):[0.0, 1]
(0, 2):[0.0, 1]
(0, 6):[0.0, 1]
(1, 3):[0.0, 1]
(1, 7):[0.0, 1]
(2, 3):[0.0, 1]
(2, 4):[0.0, 1]
(3, 5):[0.0, 1]
(4, 5):[0.0, 1]
(6, 4):[0.0, 1]
(6, 7):[0.0, 1]
(7, 5):[0.0, 1]


Knot multiplicity per boundary
(0, 1):[3, 3]
(0, 2):[3, 3]
(0, 6):[3, 3]
(1, 3):[3, 3]
(1, 7):[3, 3]
(2, 3):[3, 3]
(2, 4):[3, 3]
(3, 5):[3, 3]
(4, 5):[3, 3]
(6, 4):[3, 3]
(6, 7):[3, 3]
(7, 5):[3, 3]


